    0.119623285531997681E+02    0.681049895286560059E+01    0.573132932186126709E+00    0.846500277519226074E+01    0.247032822920623272-322
    0.103902527689933777E+02    0.260373389720916748E+01    0.140779376029968262E+01    0.359522402286529541E+01    0.247032822920623272-322
    0.103219985961914062E+02    0.132472455501556396E+01    0.190920799970626831E+01    0.666688859462738037E+01    0.247032822920623272-322
    0.613824695348739624E+01    0.505301100015640259E+01    0.134061574935913086E+00    0.246258556842803955E+01    0.247032822920623272-322
    0.359460532665252686E+01    0.127612267732620239E+02    0.379107892513275146E-01    0.499045610427856445E+01    0.247032822920623272-322
    0.115479987859725952E+02    0.373574215173721313E+01    0.168864697217941284E+01    0.558392822742462158E+01    0.247032822920623272-322
    0.727047711610794067E+01    0.991364741325378418E+01    0.316186249256134033E-01    0.865938305854797363E+01    0.247032822920623272-322
    0.185718297958374023E+01    0.942345833778381348E+01    0.748351216316223145E+00    0.573113739490509033E+01    0.247032822920623272-322
    0.568885892629623413E+01    0.107076770663261414E+02    0.241691201925277710E+01    0.590074241161346436E+01    0.247032822920623272-322
    0.418800294399261475E+01    0.797309482097625732E+01    0.148347571492195129E+01    0.165264666080474854E+01    0.247032822920623272-322
    0.114380568265914917E+02    0.132632076740264893E+01    0.451174378395080566E+00    0.268721520900726318E+01    0.247032822920623272-322
    0.557423830032348633E+00    0.578093111515045166E+01    0.870028138160705566E+00    0.889380097389221191E+01    0.247032822920623272-322
    0.201146811246871948E+01    0.160247790813446045E+01    0.102646633982658386E+01    0.662706971168518066E+01    0.247032822920623272-322
    0.496709257364273071E+01    0.374262988567352295E+00    0.188443124294281006E+01    0.742315053939819336E+00    0.247032822920623272-322
    0.751650631427764893E+00    0.461235022544860840E+01    0.117086470127105713E+00    0.749661803245544434E+01    0.247032822920623272-322
    0.833101809024810791E+01    0.105250052809715271E+02    0.204423829913139343E+01    0.142790615558624268E+01    0.247032822920623272-322
    0.134814897179603577E+02    0.502346944808959961E+01    0.245646089315414429E+01    0.471729338169097900E+01    0.247032822920623272-322
    0.693833202123641968E+01    0.354061061143875122E+01    0.739695578813552856E+00    0.175386667251586914E-01    0.247032822920623272-322
    0.136282199621200562E+02    0.105438677072525024E+02    0.164356678724288940E+01    0.196408212184906006E+01    0.247032822920623272-322
    0.256668895483016968E+01    0.381112444400787354E+01    0.100924402475357056E+01    0.199790179729461670E+01    0.247032822920623272-322
    0.338773638010025024E+01    0.127649158835411072E+02    0.127080455422401428E+01    0.309457242488861084E+01    0.247032822920623272-322
    0.121700423955917358E+02    0.336108863353729248E+00    0.137680247426033020E+01    0.875170469284057617E+01    0.247032822920623272-322
    0.105395302176475525E+02    0.769193905591964722E+01    0.210214465856552124E+01    0.557642102241516113E+01    0.247032822920623272-322
    0.100115507841110229E+02    0.128040626049041748E+02    0.195113465189933777E+01    0.831983149051666260E+01    0.247032822920623272-322
    0.652955979108810425E+01    0.102296037077903748E+02    0.120466813445091248E+01    0.473051667213439941E+00    0.247032822920623272-322
    0.947461098432540894E+01    0.122619997262954712E+02    0.243170857429504395E+00    0.892808318138122559E+01    0.247032822920623272-322
    0.659355998039245605E+01    0.412906825542449951E+01    0.712759047746658325E+00    0.556758403778076172E+01    0.247032822920623272-322
    0.565523207187652588E+01    0.781393772363662720E+01    0.228682726621627808E+01    0.925361633300781250E+01    0.247032822920623272-322
    0.116720384359359741E+02    0.262199425697326660E+01    0.160962522029876709E+01    0.607209444046020508E+01    0.247032822920623272-322
    0.111928287148475647E+02    0.126277284026145935E+02    0.182644203305244446E+01    0.500374436378479004E+00    0.247032822920623272-322
    0.971331596374511719E+00    0.805777853727340698E+01    0.116225019097328186E+01    0.922021925449371338E+01    0.247032822920623272-322
    0.772142708301544189E+01    0.154796415567398071E+01    0.214721322059631348E+01    0.940516591072082520E+00    0.247032822920623272-322
    0.115879306197166443E+02    0.561060053110122681E+01    0.245159834623336792E+01    0.884995460510253906E+01    0.247032822920623272-322
    0.598649829626083374E+01    0.124816083312034607E+02    0.109720349311828613E+01    0.721152365207672119E+01    0.247032822920623272-322
    0.143057978153228760E+02    0.598601961135864258E+01    0.945334732532501221E+00    0.945329070091247559E+01    0.247032822920623272-322
    0.327238976955413818E+01    0.809348022937774658E+01    0.655694007873535156E+00    0.308175981044769287E+01    0.247032822920623272-322
    0.442721307277679443E+01    0.186321145296096802E+01    0.412927269935607910E+00    0.466564774513244629E+01    0.247032822920623272-322
    0.317338407039642334E+01    0.256419277191162109E+01    0.314883738756179810E+00    0.547956705093383789E+01    0.247032822920623272-322
    0.778225064277648926E-01    0.549356794357299805E+01    0.157106876373291016E+01    0.931628406047821045E+01    0.247032822920623272-322
    0.950350016355514526E+01    0.393639534711837769E+01    0.102233693003654480E+01    0.133436262607574463E+01    0.247032822920623272-322
    0.101939767599105835E+02    0.277328807115554810E+01    0.124540477991104126E+01    0.150394439697265625E-01    0.247032822920623272-322
    0.637890994548797607E+00    0.126812511086463928E+02    0.170122414827346802E+01    0.681488454341888428E+01    0.247032822920623272-322
    0.841989845037460327E+01    0.899321943521499634E+01    0.135948687791824341E+01    0.928717136383056641E+01    0.247032822920623272-322
    0.535104811191558838E+01    0.669297122955322266E+01    0.172177940607070923E+01    0.615777015686035156E+01    0.247032822920623272-322
    0.123330643773078918E+02    0.412782615423202515E+01    0.170412272214889526E+01    0.642440795898437500E+01    0.247032822920623272-322
    0.897622883319854736E+01    0.105499325394630432E+02    0.124149516224861145E+01    0.548989713191986084E+01    0.247032822920623272-322
    0.136150386929512024E+02    0.954376471042633057E+01    0.165506824851036072E+01    0.161585271358489990E+01    0.247032822920623272-322
    0.471030771732330322E+00    0.116413869261741638E+02    0.249995738267898560E+01    0.145606696605682373E+01    0.247032822920623272-322
    0.139330163598060608E+02    0.574937337636947632E+01    0.179087445139884949E+01    0.582725644111633301E+01    0.247032822920623272-322
    0.151581913232803345E+01    0.130781710147857666E+01    0.233867406845092773E+01    0.840731859207153320E+01    0.247032822920623272-322
    0.137258917093276978E+01    0.279062712192535400E+01    0.104621738195419312E+01    0.990194559097290039E+01    0.247032822920623272-322
    0.499740064144134521E+01    0.236120027303695679E+01    0.175953328609466553E+01    0.299837350845336914E+01    0.247032822920623272-322
    0.125945413112640381E+02    0.122488100528717041E+02    0.816711932420730591E+00    0.860951900482177734E+01    0.247032822920623272-322
    0.479629486799240112E+01    0.124668774604797363E+02    0.106820285320281982E+01    0.957662343978881836E+01    0.247032822920623272-322
    0.102144661545753479E+02    0.103120697736740112E+02    0.244519099593162537E+01    0.351489067077636719E+01    0.247032822920623272-322
    0.114792904257774353E+02    0.122777510881423950E+02    0.352246463298797607E+00    0.232451498508453369E+01    0.247032822920623272-322
    0.116734054684638977E+02    0.168579399585723877E+01    0.182893395423889160E+01    0.462771058082580566E+01    0.247032822920623272-322
    0.143547686934471130E+02    0.531691062450408936E+01    0.106675878167152405E+01    0.526825964450836182E+01    0.247032822920623272-322
    0.540101945400238037E+01    0.103752278685569763E+02    0.159478351473808289E+01    0.807993829250335693E+01    0.247032822920623272-322
    0.389572262763977051E+01    0.839556264877319336E+01    0.164497777819633484E+01    0.231743872165679932E+01    0.247032822920623272-322
    0.206776946783065796E+01    0.536345958709716797E+00    0.607717037200927734E+00    0.336698412895202637E+01    0.247032822920623272-322
    0.840087354183197021E+01    0.393230175971984863E+01    0.262916833162307739E+00    0.218175053596496582E+00    0.247032822920623272-322
    0.554508626461029053E+01    0.727785599231719971E+01    0.802976042032241821E+00    0.798428595066070557E+01    0.247032822920623272-322
    0.276675134897232056E+01    0.120747182965278625E+02    0.218783587217330933E+01    0.241046369075775146E+01    0.247032822920623272-322
    0.495342582464218140E+01    0.102290233373641968E+02    0.106340840458869934E+01    0.564531207084655762E+01    0.247032822920623272-322
    0.118936353921890259E+02    0.103473592400550842E+02    0.183282509446144104E+01    0.876661717891693115E+01    0.247032822920623272-322
    0.350656718015670776E+01    0.957580673694610596E+01    0.221316665410995483E+01    0.353689789772033691E+01    0.247032822920623272-322
    0.371469855308532715E+00    0.594485437870025635E+01    0.171384781599044800E+01    0.303461790084838867E+01    0.247032822920623272-322
    0.169510781764984131E+01    0.113042815923690796E+02    0.229427024722099304E+01    0.536235749721527100E+01    0.247032822920623272-322
    0.128947368264198303E+02    0.630458950996398926E+00    0.243855401873588562E+01    0.314037501811981201E+01    0.247032822920623272-322
    0.135901772975921631E+02    0.484990149736404419E+01    0.116401657462120056E+01    0.883757472038269043E+00    0.247032822920623272-322
    0.850393205881118774E+01    0.659044325351715088E+01    0.207262784242630005E+00    0.697320163249969482E+01    0.247032822920623272-322
    0.139989745616912842E+02    0.108650457859039307E+01    0.149145632982254028E+01    0.688390851020812988E+01    0.247032822920623272-322
    0.130774766206741333E+02    0.803421270847320557E+01    0.176885724067687988E+00    0.424676537513732910E+01    0.247032822920623272-322
    0.963960260152816772E+01    0.129029929041862488E+02    0.172748714685440063E+00    0.580489754676818848E+01    0.247032822920623272-322
    0.210011243820190430E+01    0.348570555448532104E+01    0.350758880376815796E+00    0.890476346015930176E+01    0.247032822920623272-322
    0.487216740846633911E+01    0.664686626195907593E+01    0.783894509077072144E+00    0.106111526489257812E+01    0.247032822920623272-322
    0.717126131057739258E+01    0.906165897846221924E+00    0.244082003831863403E+01    0.973927080631256104E+01    0.247032822920623272-322
    0.932888209819793701E+01    0.272332662343978882E+01    0.777334421873092651E+00    0.859470188617706299E+01    0.247032822920623272-322
    0.995199680328369141E+00    0.595171189308166504E+01    0.382962226867675781E+00    0.229926228523254395E+01    0.247032822920623272-322
    0.244946032762527466E+01    0.120816951394081116E+02    0.146682888269424438E+01    0.131856501102447510E+01    0.247032822920623272-322
    0.341218650341033936E+01    0.129282998442649841E+02    0.391355007886886597E+00    0.177747368812561035E+01    0.247032822920623272-322
    0.570271521806716919E+01    0.587199968099594116E+01    0.249013528227806091E+01    0.215544760227203369E+01    0.247032822920623272-322
    0.495701998472213745E+01    0.882575893402099609E+01    0.982778966426849365E+00    0.989351093769073486E+01    0.247032822920623272-322
    0.403746217489242554E+01    0.256321257352828979E+01    0.925807356834411621E+00    0.226125419139862061E+01    0.247032822920623272-322
    0.147512429952621460E+02    0.378347742557525635E+01    0.224518835544586182E+01    0.250367462635040283E+01    0.247032822920623272-322
    0.938478648662567139E+01    0.101626464724540710E+02    0.210144191980361938E+01    0.956718087196350098E+01    0.247032822920623272-322
    0.512479931116104126E+01    0.127014060020446777E+02    0.196540430188179016E+01    0.493343591690063477E+01    0.247032822920623272-322
    0.358121305704116821E+01    0.110602896809577942E+02    0.249395087361335754E+01    0.434958636760711670E+01    0.247032822920623272-322
    0.727851927280426025E+01    0.964900314807891846E+00    0.191623091697692871E+01    0.997847735881805420E+01    0.247032822920623272-322
    0.864610433578491211E+01    0.243511033058166504E+01    0.187167972326278687E+00    0.135404765605926514E+01    0.247032822920623272-322
    0.126085549592971802E+02    0.110884155631065369E+02    0.983209013938903809E+00    0.363552272319793701E+01    0.247032822920623272-322
    0.126220303773880005E+02    0.107566435933113098E+02    0.280536115169525146E+00    0.443442583084106445E+01    0.247032822920623272-322
    0.993601799011230469E+01    0.890183705091476440E+01    0.555433332920074463E-01    0.798336386680603027E+01    0.247032822920623272-322
    0.361339867115020752E+01    0.118796061277389526E+02    0.170254215598106384E+01    0.170952677726745605E+01    0.247032822920623272-322
    0.200720340013504028E+01    0.888764083385467529E+01    0.111137047410011292E+01    0.667599081993103027E+01    0.247032822920623272-322
    0.465977489948272705E+00    0.127119131088256836E+02    0.243085175752639771E+01    0.794790208339691162E+01    0.247032822920623272-322
    0.135818025469779968E+02    0.643306988477706909E+01    0.270702242851257324E+00    0.324982643127441406E+01    0.247032822920623272-322
    0.135567417740821838E+02    0.129924637079238892E+02    0.486605614423751831E+00    0.839885711669921875E+01    0.247032822920623272-322
    0.112045776844024658E+02    0.748240053653717041E+00    0.157382294535636902E+01    0.417606055736541748E+01    0.247032822920623272-322
    0.980614900588989258E+01    0.863134026527404785E+00    0.180787205696105957E+01    0.696862161159515381E+01    0.247032822920623272-322
    0.921631246805191040E+01    0.290768682956695557E+01    0.622916519641876221E+00    0.274562358856201172E+01    0.247032822920623272-322
    0.142841291427612305E+02    0.798135095834732056E+01    0.246205434203147888E+01    0.775300920009613037E+01    0.247032822920623272-322
    0.435202181339263916E+01    0.128749848008155823E+02    0.720607340335845947E+00    0.678953409194946289E+01    0.247032822920623272-322
    0.148331594467163086E+02    0.195198178291320801E+00    0.726345479488372803E+00    0.409640252590179443E+01    0.247032822920623272-322
    0.882823437452316284E+01    0.386637508869171143E+00    0.165895476937294006E+01    0.668443202972412109E+01    0.247032822920623272-322
    0.139376986026763916E+02    0.117606759071350098E+00    0.110288381576538086E+01    0.246526837348937988E+01    0.247032822920623272-322
    0.415510386228561401E+01    0.122340071201324463E+02    0.108790457248687744E+01    0.336300730705261230E+00    0.247032822920623272-322
    0.447038412094116211E+01    0.103731489181518555E+02    0.192380547523498535E+01    0.742154121398925781E+01    0.247032822920623272-322
    0.120714783668518066E+01    0.489374232292175293E+01    0.132762029767036438E+01    0.568821430206298828E+01    0.247032822920623272-322
    0.527926862239837646E+01    0.657483059167861938E+01    0.114101111888885498E+01    0.600600421428680420E+01    0.247032822920623272-322
    0.573743730783462524E+01    0.921479308605194092E+01    0.250481516122817993E+00    0.676968693733215332E+00    0.247032822920623272-322
    0.126060202717781067E+02    0.951749074459075928E+01    0.193563446402549744E+01    0.101753115653991699E+01    0.247032822920623272-322
    0.131439337134361267E+02    0.265021854639053345E+01    0.201972991228103638E+01    0.322553932666778564E+01    0.247032822920623272-322
    0.792163610458374023E-01    0.101313769817352295E+02    0.191653102636337280E+01    0.678289651870727539E+01    0.247032822920623272-322
    0.584530770778656006E+01    0.676787465810775757E+01    0.812883377075195312E+00    0.827630460262298584E+01    0.247032822920623272-322
    0.983496487140655518E+01    0.423043549060821533E+01    0.669269710779190063E+00    0.371336340904235840E+00    0.247032822920623272-322
    0.127794438600540161E+02    0.245482122898101807E+01    0.928639471530914307E+00    0.105432868003845215E+00    0.247032822920623272-322
    0.307683169841766357E+01    0.417017382383346558E+01    0.740332901477813721E+00    0.568919360637664795E+01    0.247032822920623272-322
    0.556338161230087280E+01    0.105183422565460205E+00    0.171960160136222839E+01    0.513594865798950195E+01    0.247032822920623272-322
    0.338062137365341187E+01    0.354080277681350708E+01    0.195915922522544861E+01    0.192258894443511963E+01    0.247032822920623272-322
    0.215163767337799072E+01    0.121657845377922058E+02    0.163465082645416260E+01    0.119493603706359863E+01    0.247032822920623272-322
    0.416650235652923584E+01    0.819094526767730713E+01    0.101971924304962158E+01    0.720672011375427246E+00    0.247032822920623272-322
    0.392799764871597290E+01    0.118792489171028137E+02    0.137421995401382446E+01    0.773345887660980225E+01    0.247032822920623272-322
    0.772768110036849976E+01    0.493370187282562256E+01    0.144661575555801392E+01    0.749343872070312500E+01    0.247032822920623272-322
    0.614796549081802368E+01    0.125947511196136475E+02    0.174359500408172607E+01    0.996546089649200439E+01    0.247032822920623272-322
    0.125863140821456909E+02    0.101199121475219727E+02    0.195175588130950928E+01    0.632456541061401367E+01    0.247032822920623272-322
    0.909574449062347412E+01    0.100812008976936340E+02    0.736900418996810913E+00    0.369102954864501953E+01    0.247032822920623272-322
    0.585438698530197144E+01    0.578070408105850220E+01    0.220011472702026367E+01    0.100507855415344238E+01    0.247032822920623272-322
    0.400871694087982178E+01    0.123656799197196960E+02    0.140611380338668823E+00    0.428287804126739502E+01    0.247032822920623272-322
    0.635623097419738770E+01    0.127717935442924500E+02    0.415598601102828979E+00    0.276764571666717529E+01    0.247032822920623272-322
    0.131128719449043274E+02    0.222436922788619995E+01    0.159871816635131836E+01    0.953905105590820312E+01    0.247032822920623272-322
    0.117742305994033813E+02    0.992867815494537354E+01    0.213887512683868408E+01    0.842398405075073242E+00    0.247032822920623272-322
    0.513611465692520142E+01    0.619375193119049072E+01    0.167419612407684326E+01    0.551906764507293701E+01    0.247032822920623272-322
    0.112020760774612427E+02    0.186714619398117065E+01    0.203574374318122864E+01    0.218931436538696289E+01    0.247032822920623272-322
    0.145140945911407471E+02    0.301351106166839600E+01    0.211320504546165466E+01    0.173594653606414795E+01    0.247032822920623272-322
    0.784483551979064941E+01    0.949958682060241699E+01    0.607664883136749268E-01    0.873024463653564453E+00    0.247032822920623272-322
    0.975859612226486206E+01    0.928947955369949341E+01    0.203612744808197021E+01    0.769674658775329590E+01    0.247032822920623272-322
    0.552789956331253052E+01    0.665633738040924072E+01    0.459045171737670898E+00    0.443332910537719727E+01    0.247032822920623272-322
    0.105107769370079041E+02    0.352198606729507446E+01    0.140289992094039917E+01    0.353558719158172607E+01    0.247032822920623272-322
    0.149677661061286926E+02    0.586396980285644531E+01    0.149566426873207092E+01    0.904983162879943848E+01    0.247032822920623272-322
    0.135292831063270569E+02    0.118930127620697021E+02    0.143478676676750183E+01    0.195355415344238281E+00    0.247032822920623272-322
    0.348941445350646973E+01    0.895103836059570312E+01    0.215903356671333313E+01    0.624526202678680420E+01    0.247032822920623272-322
    0.142336758971214294E+02    0.595975494384765625E+01    0.719181597232818604E+00    0.810181856155395508E+01    0.247032822920623272-322
    0.114578533172607422E+02    0.757217895984649658E+01    0.219488754868507385E+01    0.551913022994995117E+01    0.247032822920623272-322
    0.530618458986282349E+01    0.257259225845336914E+01    0.956273972988128662E+00    0.456897974014282227E+01    0.247032822920623272-322
    0.635310977697372437E+01    0.570953702926635742E+01    0.260587036609649658E+00    0.666691124439239502E+01    0.247032822920623272-322
    0.791083037853240967E+01    0.119084665775299072E+02    0.113496780395507812E+01    0.255882203578948975E+01    0.247032822920623272-322
    0.215061396360397339E+01    0.906292200088500977E+01    0.141123592853546143E+01    0.726671218872070312E+00    0.247032822920623272-322
    0.589320749044418335E+01    0.666464543342590332E+01    0.128741502761840820E+01    0.407425165176391602E+00    0.247032822920623272-322
    0.525694817304611206E+01    0.566989207267761230E+01    0.939580947160720825E+00    0.659240841865539551E+01    0.247032822920623272-322
    0.309473007917404175E+01    0.405716353654861450E+01    0.106971412897109985E+01    0.574172139167785645E+01    0.247032822920623272-322
    0.873358190059661865E+01    0.137782496213912964E+01    0.199494570493698120E+01    0.394108355045318604E+01    0.247032822920623272-322
    0.595267832279205322E+01    0.283381783962249756E+01    0.128507792949676514E+01    0.890684962272644043E+01    0.247032822920623272-322
    0.966859370470046997E+01    0.168511521816253662E+01    0.322249829769134521E+00    0.103887140750885010E+01    0.247032822920623272-322
    0.162283837795257568E+01    0.391497123241424561E+01    0.166412934660911560E+01    0.523153543472290039E+00    0.247032822920623272-322
    0.316073298454284668E+00    0.547112798690795898E+01    0.755278617143630981E+00    0.982803583145141602E+01    0.247032822920623272-322
    0.239330559968948364E+01    0.719863814115524292E+01    0.605618953704833984E-01    0.671393036842346191E+01    0.247032822920623272-322
    0.726116895675659180E+01    0.107313567996025085E+02    0.148215278983116150E+01    0.780078589916229248E+01    0.247032822920623272-322
    0.536305457353591919E+01    0.199817895889282227E+00    0.157507941126823425E+01    0.583942174911499023E+01    0.247032822920623272-322
    0.333302378654479980E+01    0.256911158561706543E+00    0.399990826845169067E+00    0.217806816101074219E+01    0.247032822920623272-322
    0.211359053850173950E+01    0.204974514245986938E+01    0.214191913604736328E+01    0.116831004619598389E+01    0.247032822920623272-322
    0.227451503276824951E+01    0.588680648803710938E+01    0.141878083348274231E+01    0.696062028408050537E+01    0.247032822920623272-322
    0.655534118413925171E+01    0.190241318941116333E+01    0.244953423738479614E+01    0.361784815788269043E+01    0.247032822920623272-322
    0.335629552602767944E+01    0.462179422378540039E+01    0.216298654675483704E+01    0.587363719940185547E+01    0.247032822920623272-322
    0.100443291664123535E+02    0.122989636659622192E+02    0.525361299514770508E-01    0.665831744670867920E+01    0.247032822920623272-322
    0.138077634572982788E+02    0.101030519604682922E+02    0.869734585285186768E+00    0.211826801300048828E+01    0.247032822920623272-322
    0.362633317708969116E+01    0.578390270471572876E+01    0.188211590051651001E+01    0.423648059368133545E+01    0.247032822920623272-322
    0.672720193862915039E+01    0.286167484521865845E+01    0.174354881048202515E+01    0.308898568153381348E+01    0.247032822920623272-322
    0.571918755769729614E+01    0.931119579076766968E+01    0.249964579939842224E+01    0.941614687442779541E+01    0.247032822920623272-322
    0.318258941173553467E+01    0.780319041013717651E+01    0.192733973264694214E+01    0.777527749538421631E+01    0.247032822920623272-322
    0.100150117278099060E+02    0.316728597879409790E+01    0.948002785444259644E+00    0.539911210536956787E+01    0.247032822920623272-322
    0.624102652072906494E+01    0.116717296838760376E+02    0.194015696644783020E+01    0.589970231056213379E+01    0.247032822920623272-322
    0.124831098318099976E+02    0.684313994646072388E+01    0.206490293145179749E+01    0.209554731845855713E+01    0.247032822920623272-322
    0.820120543241500854E+01    0.754197180271148682E+00    0.185822576284408569E+01    0.568474411964416504E+01    0.247032822920623272-322
    0.666274487972259521E+01    0.542830842733383179E+01    0.194102302193641663E+01    0.405080318450927734E+00    0.247032822920623272-322
    0.145833858847618103E+02    0.535201877355575562E+01    0.155006423592567444E+01    0.290959835052490234E+01    0.247032822920623272-322
    0.109776619076728821E+02    0.153963518142700195E+01    0.152102112770080566E+00    0.529506623744964600E+01    0.247032822920623272-322
    0.630955964326858521E+01    0.468260526657104492E+01    0.228353098034858704E+01    0.198230504989624023E+01    0.247032822920623272-322
    0.934288948774337769E+01    0.251230967044830322E+01    0.666200816631317139E+00    0.951649785041809082E+01    0.247032822920623272-322
    0.950754582881927490E+01    0.237469214200973511E+01    0.139232307672500610E+01    0.161805152893066406E+00    0.247032822920623272-322
    0.508797436952590942E+01    0.948928195238113403E+01    0.221544325351715088E+01    0.513328313827514648E+01    0.247032822920623272-322
    0.349703907966613770E+01    0.214320337772369385E+01    0.112809449434280396E+01    0.989567875862121582E+01    0.247032822920623272-322
    0.121175175905227661E+02    0.125556260943412781E+02    0.266262739896774292E+00    0.818552315235137939E+01    0.247032822920623272-322
    0.144689601659774780E+02    0.165583556890487671E+01    0.235424548387527466E+01    0.329833090305328369E+01    0.247032822920623272-322
    0.259414047002792358E+01    0.144807922840118408E+01    0.494502782821655273E+00    0.410721957683563232E+01    0.247032822920623272-322
    0.987528920173645020E+01    0.335736078023910522E+01    0.190313607454299927E+00    0.938279628753662109E+00    0.247032822920623272-322
    0.590688675642013550E+01    0.216265159845352173E+01    0.190378040075302124E+01    0.977994084358215332E+01    0.247032822920623272-322
    0.196542978286743164E+01    0.997156357765197754E+01    0.201553493738174438E+01    0.397858440876007080E+01    0.247032822920623272-322
    0.175514280796051025E+01    0.432227969169616699E+01    0.168605506420135498E+01    0.493628978729248047E+00    0.247032822920623272-322
    0.784893929958343506E+01    0.668685835599899292E+01    0.223880395293235779E+01    0.636114478111267090E+01    0.247032822920623272-322
    0.626925677061080933E+01    0.111599576473236084E+01    0.146814018487930298E+01    0.210732400417327881E+01    0.247032822920623272-322
    0.938579946756362915E+01    0.124896234869956970E+02    0.646185874938964844E-01    0.145045340061187744E+01    0.247032822920623272-322
    0.123693358898162842E+02    0.663164877891540527E+01    0.907195955514907837E+00    0.163137316703796387E+00    0.247032822920623272-322
    0.302073508501052856E+01    0.884705519676208496E+01    0.231235712766647339E+01    0.733999490737915039E+01    0.247032822920623272-322
    0.268683135509490967E+01    0.293189501762390137E+01    0.121292099356651306E+01    0.481810688972473145E+01    0.247032822920623272-322
    0.132340845465660095E+02    0.801162242889404297E+00    0.909008383750915527E+00    0.658903241157531738E+01    0.247032822920623272-322
    0.506098955869674683E+01    0.411734151840209961E+01    0.629165470600128174E+00    0.665526270866394043E+01    0.247032822920623272-322
    0.195618063211441040E+01    0.584919476509094238E+01    0.106582000851631165E+01    0.186688721179962158E+01    0.247032822920623272-322
    0.109126925468444824E+02    0.360904318094253540E+01    0.983390212059020996E-01    0.353005468845367432E+01    0.247032822920623272-322
    0.674791842699050903E+01    0.549671775102615356E+01    0.245876356959342957E+01    0.582963287830352783E+01    0.247032822920623272-322
    0.886399447917938232E+01    0.105101504325866699E+02    0.241447865962982178E+01    0.511680185794830322E+01    0.247032822920623272-322
    0.117471608519554138E+02    0.122907075285911560E+02    0.215518712997436523E+01    0.627119958400726318E+01    0.247032822920623272-322
    0.838671773672103882E+01    0.129331016540527344E+02    0.243768513202667236E+01    0.244895040988922119E+01    0.247032822920623272-322
    0.584482938051223755E+01    0.165897840261459351E+01    0.238330826163291931E+01    0.481841862201690674E+01    0.247032822920623272-322
    0.153039246797561646E+01    0.263615483045578003E+01    0.176103562116622925E+00    0.747959434986114502E+01    0.247032822920623272-322
    0.626225441694259644E+01    0.167230135202407837E+01    0.492679178714752197E+00    0.963290810585021973E+01    0.247032822920623272-322
    0.296240419149398804E+01    0.121051974296569824E+02    0.248819872736930847E+01    0.830483198165893555E+01    0.247032822920623272-322
    0.102764073014259338E+02    0.247671025991439819E+01    0.209140166640281677E+01    0.546439170837402344E+01    0.247032822920623272-322
    0.118702393770217896E+02    0.107539230585098267E+01    0.649658590555191040E+00    0.645188927650451660E+01    0.247032822920623272-322
    0.115268093347549438E+02    0.261110436916351318E+01    0.236745029687881470E+00    0.452162384986877441E+01    0.247032822920623272-322
    0.241579324007034302E+01    0.128083266615867615E+02    0.194578766822814941E+01    0.849482417106628418E+01    0.247032822920623272-322
    0.378564924001693726E+01    0.931949222087860107E+01    0.177934318780899048E+00    0.740867674350738525E+01    0.247032822920623272-322
    0.390340536832809448E+01    0.106005471944808960E+02    0.965946763753890991E+00    0.316890299320220947E+01    0.247032822920623272-322
    0.705819368362426758E+01    0.950501549243927002E+01    0.116836071014404297E+01    0.236292302608489990E+01    0.247032822920623272-322
    0.100034871697425842E+02    0.871995484828948975E+01    0.153046548366546631E+00    0.954751849174499512E+01    0.247032822920623272-322
    0.298886060714721680E+01    0.280628085136413574E+01    0.125424653291702271E+01    0.376994371414184570E+01    0.247032822920623272-322
    0.363820552825927734E+01    0.173481166362762451E+01    0.245952889323234558E+01    0.115655243396759033E+01    0.247032822920623272-322
    0.125999754667282104E+02    0.465445536375045776E+01    0.215257152915000916E+01    0.667817831039428711E+01    0.247032822920623272-322
    0.863465309143066406E+01    0.998541110754013062E+01    0.111636772751808167E+01    0.369359016418457031E+01    0.247032822920623272-322
    0.112660056352615356E+02    0.266328036785125732E+01    0.939872413873672485E+00    0.779868006706237793E+01    0.247032822920623272-322
    0.129256054759025574E+02    0.620200341939926147E+01    0.893574208021163940E+00    0.177658736705780029E+01    0.247032822920623272-322
    0.175860196352005005E+01    0.115011418461799622E+02    0.999633818864822388E+00    0.962873101234436035E+00    0.247032822920623272-322
    0.815899908542633057E+01    0.143498718738555908E+01    0.282140374183654785E+00    0.940353274345397949E+01    0.247032822920623272-322
    0.122508502006530762E+02    0.162898433208465576E+01    0.134473189711570740E+01    0.268975794315338135E+01    0.247032822920623272-322
    0.674056738615036011E+01    0.624276340007781982E+00    0.207723617553710938E+01    0.594081580638885498E+01    0.247032822920623272-322
    0.696539551019668579E+01    0.608027827739715576E+01    0.142051279544830322E+01    0.438080787658691406E+01    0.247032822920623272-322
    0.127885437011718750E+02    0.432863432168960571E+01    0.811980664730072021E-01    0.790494203567504883E+01    0.247032822920623272-322
    0.890604257583618164E+01    0.105692792534828186E+02    0.138353124260902405E+01    0.664273917675018311E+01    0.247032822920623272-322
    0.367660045623779297E+01    0.311590576171875000E+01    0.453257858753204346E+00    0.624844014644622803E+01    0.247032822920623272-322
    0.140754961967468262E+02    0.161904752254486084E+01    0.131116852164268494E+01    0.533983111381530762E+01    0.247032822920623272-322
    0.900023281574249268E+00    0.393629151582717896E+01    0.231562450528144836E+01    0.444121003150939941E+01    0.247032822920623272-322
    0.136209100484848022E+02    0.445294827222824097E+01    0.248901695013046265E+01    0.685298442840576172E+01    0.247032822920623272-322
    0.180490225553512573E+01    0.833397519588470459E+01    0.197507753968238831E+01    0.640532016754150391E+01    0.247032822920623272-322
    0.107835522294044495E+02    0.556560516357421875E+01    0.783507376909255981E+00    0.562988460063934326E+01    0.247032822920623272-322
    0.760215640068054199E+01    0.334678781032562256E+01    0.143698453903198242E+00    0.607264101505279541E+01    0.247032822920623272-322
    0.564974874258041382E+01    0.562295567989349365E+01    0.334976017475128174E+00    0.204122185707092285E+01    0.247032822920623272-322
    0.328781694173812866E+01    0.798131918907165527E+01    0.157700508832931519E+01    0.716369211673736572E+01    0.247032822920623272-322
    0.989359527826309204E+01    0.124272201061248779E+02    0.121651500463485718E+01    0.279103398323059082E+01    0.247032822920623272-322
    0.742152929306030273E+01    0.111226736903190613E+02    0.182249695062637329E+00    0.296127676963806152E+01    0.247032822920623272-322
    0.192034453153610229E+01    0.474268484115600586E+01    0.100797936320304871E+01    0.492183387279510498E+01    0.247032822920623272-322
    0.201031386852264404E+01    0.270115554332733154E+00    0.211790844798088074E+01    0.480479001998901367E-01    0.247032822920623272-322
    0.111357137560844421E+02    0.109796112179756165E+02    0.274088084697723389E+00    0.183582603931427002E+01    0.247032822920623272-322
    0.295529097318649292E+01    0.802433323860168457E+01    0.128829926252365112E+01    0.849957346916198730E+01    0.247032822920623272-322
    0.101882645487785339E+02    0.972105276584625244E+01    0.150480434298515320E+01    0.527781069278717041E+01    0.247032822920623272-322
    0.476701855659484863E+01    0.109305005669593811E+02    0.129412829875946045E+01    0.837382495403289795E+01    0.247032822920623272-322
    0.424164533615112305E+00    0.625154799222946167E+01    0.102054417133331299E+01    0.848935067653656006E+01    0.247032822920623272-322
    0.313657343387603760E+01    0.116651410460472107E+02    0.139795169234275818E+01    0.800576508045196533E+01    0.247032822920623272-322
    0.129161864519119263E+02    0.470323050022125244E+01    0.222451061010360718E+01    0.720253944396972656E+01    0.247032822920623272-322
    0.122786763310432434E+02    0.105738036632537842E+02    0.245373874902725220E+01    0.394216895103454590E+01    0.247032822920623272-322
    0.683993250131607056E+01    0.584102153778076172E+00    0.100578323006629944E+01    0.693988204002380371E+01    0.247032822920623272-322
    0.141922438144683838E+02    0.104446507096290588E+02    0.799583047628402710E+00    0.577510356903076172E+01    0.247032822920623272-322
    0.685681432485580444E+01    0.115353643298149109E+02    0.123574703931808472E+01    0.836774289608001709E+01    0.247032822920623272-322
    0.717014729976654053E+01    0.942571938037872314E+01    0.163215115666389465E+01    0.373868048191070557E+01    0.247032822920623272-322
    0.143086624145507812E+02    0.692602753639221191E+01    0.180642366409301758E+01    0.651398658752441406E+01    0.247032822920623272-322
    0.101464506983757019E+02    0.388065731525421143E+01    0.773303657770156860E+00    0.727150917053222656E+01    0.247032822920623272-322
    0.689788788557052612E+01    0.415388625860214233E+01    0.177382141351699829E+01    0.290816664695739746E+01    0.247032822920623272-322
    0.909437835216522217E+01    0.518997532129287720E+01    0.953548103570938110E+00    0.818482339382171631E+01    0.247032822920623272-322
    0.106874281167984009E+02    0.240917497873306274E+01    0.190459787845611572E+01    0.745969176292419434E+01    0.247032822920623272-322
    0.240169823169708252E+01    0.400408715009689331E+01    0.164397418498992920E+01    0.397458374500274658E+01    0.247032822920623272-322
    0.218698561191558838E+01    0.639349776506423950E+01    0.143427744507789612E+01    0.124436497688293457E+01    0.247032822920623272-322
    0.462488830089569092E+01    0.179906231164932251E+01    0.185584157705307007E+01    0.287619352340698242E+01    0.247032822920623272-322
    0.162617772817611694E+01    0.120614798069000244E+02    0.253864228725433350E+00    0.898646652698516846E+01    0.247032822920623272-322
    0.327822178602218628E+01    0.112503954768180847E+02    0.150969773530960083E+00    0.723121225833892822E+01    0.247032822920623272-322
    0.147712951898574829E+02    0.702224814891815186E+01    0.933836996555328369E+00    0.478138685226440430E+01    0.247032822920623272-322
    0.663113236427307129E+01    0.292072153091430664E+01    0.193681046366691589E+01    0.751523375511169434E+00    0.247032822920623272-322
    0.377945601940155029E+01    0.717288333177566528E+01    0.159342989325523376E+01    0.782137155532836914E+01    0.247032822920623272-322
    0.492281109094619751E+01    0.498827683925628662E+01    0.280725061893463135E+00    0.117003798484802246E+01    0.247032822920623272-322
    0.252008467912673950E+01    0.916705858707427979E+01    0.220984697341918945E+01    0.112416863441467285E+01    0.247032822920623272-322
    0.141567590832710266E+02    0.799214243888854980E-01    0.388310551643371582E+00    0.684453487396240234E+01    0.247032822920623272-322
    0.137270307540893555E+02    0.963912212848663330E+01    0.207730188965797424E+01    0.407434701919555664E+00    0.247032822920623272-322
    0.210889488458633423E+01    0.828223001956939697E+01    0.336686074733734131E+00    0.577969551086425781E+00    0.247032822920623272-322
    0.139038830995559692E+01    0.452135604619979858E+01    0.187329411506652832E+01    0.900206506252288818E+01    0.247032822920623272-322
    0.123427838087081909E+01    0.874778240919113159E+01    0.853337347507476807E+00    0.415640890598297119E+01    0.247032822920623272-322
    0.147625082731246948E+02    0.422977763414382935E+01    0.176849216222763062E+00    0.798743426799774170E+01    0.247032822920623272-322
    0.602829605340957642E+01    0.733499807119369507E+01    0.205555737018585205E+01    0.662779808044433594E+00    0.247032822920623272-322
    0.116321218013763428E+02    0.784113764762878418E+00    0.102402940392494202E+01    0.294027507305145264E+01    0.247032822920623272-322
    0.129638698697090149E+02    0.169467622041702271E+01    0.192818611860275269E+01    0.613641738891601562E-01    0.247032822920623272-322
    0.981371730566024780E+01    0.597794789075851440E+01    0.167150005698204041E+01    0.225181758403778076E+01    0.247032822920623272-322
    0.600631713867187500E+01    0.101638715267181396E+02    0.909124463796615601E+00    0.333112418651580811E+01    0.247032822920623272-322
    0.426078915596008301E+01    0.569527882337570190E+01    0.124724522233009338E+01    0.943608999252319336E+01    0.247032822920623272-322
    0.124536252021789551E+02    0.545832419395446777E+01    0.196051001548767090E+00    0.848415076732635498E+01    0.247032822920623272-322
    0.100110849738121033E+02    0.583862644433975220E+01    0.924596190452575684E-01    0.324362933635711670E+01    0.247032822920623272-322
    0.550834536552429199E+00    0.395143616199493408E+01    0.186434745788574219E+01    0.293562889099121094E+01    0.247032822920623272-322
    0.368414461612701416E+01    0.963283026218414307E+01    0.645966678857803345E+00    0.447228252887725830E+01    0.247032822920623272-322
    0.854656398296356201E+01    0.831561797857284546E+01    0.164964497089385986E+01    0.791235566139221191E+00    0.247032822920623272-322
    0.126866635680198669E+02    0.617099273204803467E+01    0.236181244254112244E+01    0.365939736366271973E+01    0.247032822920623272-322
    0.940386056900024414E+00    0.862663608789443970E+01    0.963181555271148682E+00    0.454664885997772217E+01    0.247032822920623272-322
    0.906253248453140259E+01    0.482421565055847168E+01    0.571751892566680908E+00    0.457496166229248047E+01    0.247032822920623272-322
    0.860433340072631836E+01    0.139307498931884766E+01    0.189089670777320862E+01    0.104096114635467529E+01    0.247032822920623272-322
    0.136143743991851807E+01    0.117626177072525024E+02    0.219781681895256042E+01    0.833112955093383789E+01    0.247032822920623272-322
    0.220098227262496948E+01    0.567652952671051025E+01    0.170295313000679016E+01    0.424208402633666992E+01    0.247032822920623272-322
    0.505997300148010254E+01    0.116027562618255615E+02    0.976321399211883545E+00    0.508142173290252686E+01    0.247032822920623272-322
    0.601816177368164062E-01    0.219790232181549072E+01    0.154443636536598206E+01    0.202988982200622559E+01    0.247032822920623272-322
    0.115362864732742310E+02    0.896150982379913330E+01    0.857503414154052734E+00    0.418651223182678223E+01    0.247032822920623272-322
    0.995238393545150757E+01    0.679669326543807983E+01    0.218665525317192078E+01    0.106790125370025635E+01    0.247032822920623272-322
    0.625129938125610352E+01    0.985891902446746826E+01    0.175697669386863708E+01    0.702937543392181396E+01    0.247032822920623272-322
    0.121896386146545410E+01    0.784485000371932983E+01    0.291917473077774048E+00    0.592229604721069336E+01    0.247032822920623272-322
    0.116254708170890808E+02    0.105706174373626709E+02    0.199125975370407104E+01    0.237990021705627441E+00    0.247032822920623272-322
    0.381074935197830200E+01    0.129974863529205322E+02    0.821150392293930054E+00    0.798160433769226074E+01    0.247032822920623272-322
    0.113313210010528564E+02    0.100468397140502930E+00    0.484037250280380249E+00    0.501134634017944336E+01    0.247032822920623272-322
    0.108625477552413940E+02    0.331192994117736816E+01    0.203010290861129761E+01    0.460484206676483154E+01    0.247032822920623272-322
    0.849546968936920166E+01    0.135996288061141968E+01    0.111544698476791382E+01    0.457515299320220947E+01    0.247032822920623272-322
    0.592020660638809204E+01    0.101570543050765991E+02    0.189907491207122803E+01    0.445837020874023438E+01    0.247032822920623272-322
    0.959107607603073120E+01    0.957599502801895142E+01    0.131727755069732666E-01    0.577889442443847656E+01    0.247032822920623272-322
    0.718030124902725220E+01    0.576193541288375854E+01    0.241725638508796692E+01    0.568368136882781982E+01    0.247032822920623272-322
    0.478699922561645508E+01    0.535021954774856567E+01    0.152853712439537048E+01    0.672127544879913330E+01    0.247032822920623272-322
    0.282666653394699097E+01    0.164822179079055786E+01    0.261242091655731201E+00    0.673859119415283203E+01    0.247032822920623272-322
    0.312323480844497681E+01    0.857004880905151367E+01    0.896345376968383789E+00    0.146284401416778564E+01    0.247032822920623272-322
    0.725759267807006836E+01    0.109145407676696777E+02    0.208777874708175659E+01    0.754262149333953857E+01    0.247032822920623272-322
    0.147197717428207397E+02    0.127821975946426392E+01    0.161306083202362061E+01    0.229924201965332031E+01    0.247032822920623272-322
    0.144053310155868530E+01    0.405413228273391724E+01    0.245588243007659912E+01    0.181953370571136475E+01    0.247032822920623272-322
    0.320574939250946045E+00    0.563603067398071289E+01    0.139872163534164429E+01    0.604675233364105225E+01    0.247032822920623272-322
    0.107562482357025146E+02    0.505239033699035645E+01    0.103469163179397583E+01    0.995632231235504150E+01    0.247032822920623272-322
    0.297205746173858643E+01    0.115735293030738831E+02    0.170342326164245605E+00    0.298820495605468750E+01    0.247032822920623272-322
    0.972490936517715454E+01    0.117242148518562317E+02    0.177419558167457581E+01    0.432725727558135986E+01    0.247032822920623272-322
    0.939360558986663818E+00    0.116691060066223145E+02    0.114506527781486511E+01    0.712964415550231934E+01    0.247032822920623272-322
    0.748597294092178345E+01    0.147696834802627563E+01    0.947906970977783203E+00    0.288569748401641846E+01    0.247032822920623272-322
    0.616299927234649658E+01    0.267983138561248779E+01    0.116407111287117004E+01    0.286166071891784668E+00    0.247032822920623272-322
    0.146369925141334534E+02    0.105399120450019836E+02    0.227626264095306396E+01    0.480810403823852539E+00    0.247032822920623272-322
    0.805262893438339233E+01    0.602705854177474976E+01    0.212327271699905396E+01    0.124006628990173340E+01    0.247032822920623272-322
    0.802800536155700684E+01    0.334557592868804932E+01    0.141052246093750000E+01    0.508527636528015137E+01    0.247032822920623272-322
    0.128770217299461365E+02    0.383497232198715210E+01    0.242974162101745605E+00    0.358936965465545654E+01    0.247032822920623272-322
    0.121767237782478333E+02    0.193386709690093994E+01    0.243033468723297119E+00    0.742846131324768066E+00    0.247032822920623272-322
    0.415755718946456909E+01    0.789965510368347168E+00    0.233576729893684387E+01    0.160243511199951172E+00    0.247032822920623272-322
    0.787258028984069824E+01    0.543408501148223877E+01    0.197571426630020142E+01    0.538246273994445801E+01    0.247032822920623272-322
    0.110027343034744263E+02    0.225331956148147583E+01    0.931347906589508057E+00    0.910850942134857178E+01    0.247032822920623272-322
    0.122314909100532532E+02    0.340142244100570679E+01    0.673874467611312866E+00    0.604358196258544922E+01    0.247032822920623272-322
    0.913833796977996826E+01    0.100134161114692688E+02    0.992319583892822266E+00    0.736126005649566650E+01    0.247032822920623272-322
    0.735422819852828979E+01    0.566954338550567627E+01    0.336848050355911255E+00    0.807792425155639648E+01    0.247032822920623272-322
    0.138175839185714722E+02    0.101169947981834412E+02    0.222588896751403809E+01    0.744256556034088135E+01    0.247032822920623272-322
    0.149918255209922791E+02    0.674908506870269775E+01    0.144189521670341492E+01    0.622473359107971191E+00    0.247032822920623272-322
    0.166157484054565430E+01    0.116801803112030029E+02    0.553290545940399170E-01    0.304127812385559082E+01    0.247032822920623272-322
    0.699585109949111938E+01    0.976772880554199219E+01    0.167542427778244019E+01    0.749655067920684814E+01    0.247032822920623272-322
    0.565617352724075317E+01    0.112462755441665649E+02    0.249630257487297058E+01    0.802447140216827393E+01    0.247032822920623272-322
    0.457602471113204956E+01    0.939680701494216919E+01    0.237167462706565857E+01    0.674980282783508301E+00    0.247032822920623272-322
    0.582784384489059448E+01    0.883103418350219727E+01    0.966680347919464111E+00    0.342188000679016113E+01    0.247032822920623272-322
    0.756614506244659424E+01    0.414563322067260742E+01    0.125213369727134705E+01    0.283697307109832764E+01    0.247032822920623272-322
    0.972949415445327759E+01    0.252188462018966675E+01    0.121325194835662842E+01    0.727391242980957031E-01    0.247032822920623272-322
    0.126043492555618286E+02    0.508080524206161499E+01    0.145223572850227356E+01    0.787345409393310547E+01    0.247032822920623272-322
    0.721705108880996704E+01    0.674367189407348633E+01    0.556820631027221680E-01    0.915252447128295898E+01    0.247032822920623272-322
    0.516641467809677124E+01    0.551849055290222168E+01    0.525766462087631226E+00    0.132839083671569824E+00    0.247032822920623272-322
    0.449157625436782837E+01    0.325708997249603271E+01    0.350821018218994141E-01    0.596330583095550537E+01    0.247032822920623272-322
    0.121743884682655334E+02    0.926146912574768066E+01    0.146463483572006226E+01    0.915991067886352539E+01    0.247032822920623272-322
    0.586458474397659302E+01    0.194235801696777344E+00    0.267913043498992920E+00    0.241725504398345947E+01    0.247032822920623272-322
    0.257106721401214600E+00    0.939049267768859863E+01    0.215612798929214478E+00    0.667376756668090820E+01    0.247032822920623272-322
    0.427626997232437134E+01    0.944219601154327393E+01    0.184318572282791138E+00    0.408430099487304688E+00    0.247032822920623272-322
    0.355275124311447144E+01    0.406785738468170166E+01    0.138895303010940552E+01    0.770205736160278320E+01    0.247032822920623272-322
    0.149558839201927185E+02    0.125110251307487488E+02    0.411521643400192261E+00    0.990853250026702881E+01    0.247032822920623272-322
    0.953736484050750732E+01    0.223205506801605225E+01    0.110256552696228027E+01    0.483730971813201904E+01    0.247032822920623272-322
    0.132742148637771606E+02    0.325384020805358887E+01    0.488096326589584351E+00    0.871908664703369141E+00    0.247032822920623272-322
    0.749156981706619263E+01    0.838445037603378296E+01    0.161652788519859314E+01    0.237313091754913330E+01    0.247032822920623272-322
    0.104732617735862732E+02    0.889633941650390625E+01    0.169409558176994324E+01    0.668312728404998779E+01    0.247032822920623272-322
    0.493775278329849243E+01    0.993405258655548096E+01    0.115255624055862427E+01    0.251976728439331055E+01    0.247032822920623272-322
    0.120019707083702087E+02    0.977647310495376587E+01    0.156022414565086365E+01    0.845043301582336426E+01    0.247032822920623272-322
    0.282092928886413574E+01    0.914532375335693359E+01    0.150840803980827332E+01    0.874524712562561035E+01    0.247032822920623272-322
    0.902434319257736206E+01    0.114338498711585999E+02    0.395340770483016968E+00    0.535803496837615967E+01    0.247032822920623272-322
    0.671682268381118774E+01    0.547706419229507446E+01    0.156661793589591980E+01    0.732356727123260498E+01    0.247032822920623272-322
    0.338055610656738281E+01    0.118015342950820923E+02    0.121678844094276428E+01    0.131428599357604980E+01    0.247032822920623272-322
    0.749452918767929077E+01    0.601153731346130371E+00    0.193679735064506531E+01    0.455137133598327637E+01    0.247032822920623272-322
    0.659244954586029053E+01    0.982605332136154175E+01    0.129188641905784607E+01    0.687045037746429443E+01    0.247032822920623272-322
    0.162179768085479736E+01    0.854147195816040039E+00    0.225361973047256470E+01    0.842774808406829834E+01    0.247032822920623272-322
    0.436346769332885742E+01    0.733085256814956665E+01    0.153399497270584106E+01    0.489087641239166260E+01    0.247032822920623272-322
    0.369510322809219360E+01    0.250342124700546265E+01    0.170980170369148254E+01    0.430340468883514404E+01    0.247032822920623272-322
    0.123279449343681335E+02    0.318226480484008789E+01    0.115181431174278259E+01    0.141878604888916016E+01    0.247032822920623272-322
    0.170135915279388428E+01    0.112901806831359863E+01    0.162406995892524719E+01    0.686333835124969482E+01    0.247032822920623272-322
    0.125975230336189270E+02    0.115971416234970093E+01    0.203527271747589111E+01    0.454924583435058594E+01    0.247032822920623272-322
    0.127311381697654724E+02    0.197683310508728027E+01    0.240621253848075867E+01    0.563674807548522949E+01    0.247032822920623272-322
    0.100444051623344421E+02    0.801426392793655396E+01    0.950825512409210205E+00    0.167883157730102539E+01    0.247032822920623272-322
    0.882579088211059570E+01    0.518647295236587524E+01    0.150703474879264832E+01    0.587202608585357666E+01    0.247032822920623272-322
    0.102486035227775574E+02    0.401776111125946045E+01    0.233378916978836060E+01    0.687467336654663086E+01    0.247032822920623272-322
    0.352989524602890015E+01    0.169408112764358521E+01    0.179094642400741577E+01    0.923930943012237549E+01    0.247032822920623272-322
    0.127255341410636902E+02    0.181912499666213989E+01    0.346417874097824097E+00    0.581086039543151855E+01    0.247032822920623272-322
    0.273616790771484375E+01    0.405690783262252808E+01    0.826879292726516724E+00    0.493534028530120850E+01    0.247032822920623272-322
    0.143364903330802917E+02    0.857629418373107910E+01    0.579804629087448120E+00    0.908197939395904541E+01    0.247032822920623272-322
    0.923351794481277466E+01    0.117299604415893555E+01    0.971653908491134644E+00    0.361275076866149902E+00    0.247032822920623272-322
    0.722808837890625000E+01    0.380975604057312012E+01    0.197138145565986633E+01    0.474241733551025391E+01    0.247032822920623272-322
    0.200394809246063232E+01    0.107925676703453064E+02    0.227707937359809875E+01    0.860074996948242188E+01    0.247032822920623272-322
    0.184310674667358398E+01    0.405910611152648926E+00    0.203386008739471436E+01    0.517373085021972656E+01    0.247032822920623272-322
    0.660912752151489258E+01    0.899601358175277710E+01    0.192167758941650391E+01    0.538716435432434082E+01    0.247032822920623272-322
    0.878379642963409424E+00    0.412687695026397705E+01    0.190006360411643982E+01    0.496233642101287842E+01    0.247032822920623272-322
    0.133142253756523132E+02    0.850860393047332764E+01    0.238651677966117859E+01    0.597492814064025879E+01    0.247032822920623272-322
    0.149497944116592407E+02    0.628768283128738403E+01    0.229598000645637512E+01    0.381323218345642090E+01    0.247032822920623272-322
    0.120899042487144470E+02    0.119998249411582947E+02    0.112810358405113220E+01    0.337519764900207520E+01    0.247032822920623272-322
    0.124005818367004395E+02    0.106801865696907043E+02    0.195738568902015686E+01    0.504597067832946777E+01    0.247032822920623272-322
    0.668147474527359009E+01    0.862400156259536743E+01    0.951501578092575073E+00    0.591943919658660889E+01    0.247032822920623272-322
    0.603910088539123535E+00    0.886363643407821655E+01    0.125678762793540955E+01    0.226314604282379150E+01    0.247032822920623272-322
    0.128131216764450073E+02    0.187796324491500854E+01    0.738824307918548584E+00    0.166442811489105225E+01    0.247032822920623272-322
    0.898575425148010254E+01    0.120505279302597046E+02    0.136807531118392944E+01    0.776825964450836182E+01    0.247032822920623272-322
    0.267005860805511475E+01    0.278721231222152710E+01    0.219291254878044128E+01    0.596079647541046143E+01    0.247032822920623272-322
    0.669199258089065552E+01    0.853718620538711548E+01    0.218824759125709534E+01    0.621708154678344727E+01    0.247032822920623272-322
    0.383738279342651367E+01    0.885568249225616455E+01    0.809227824211120605E+00    0.621673464775085449E+00    0.247032822920623272-322
    0.349967837333679199E+01    0.398205167055130005E+01    0.178638055920600891E+01    0.973232567310333252E+01    0.247032822920623272-322
    0.743063449859619141E+01    0.560660612583160400E+01    0.120032653212547302E+01    0.423002421855926514E+01    0.247032822920623272-322
    0.978421390056610107E+01    0.983105349540710449E+01    0.491822361946105957E+00    0.456522285938262939E+01    0.247032822920623272-322
    0.141466149687767029E+02    0.415098130702972412E+01    0.950691699981689453E+00    0.271503210067749023E+01    0.247032822920623272-322
    0.965639054775238037E+00    0.161711812019348145E+00    0.108080744743347168E+01    0.266924083232879639E+01    0.247032822920623272-322
    0.140412032604217529E+02    0.770198899507522583E+01    0.354888439178466797E+00    0.954106450080871582E+01    0.247032822920623272-322
    0.128131082653999329E+02    0.119940530061721802E+02    0.218056872487068176E+01    0.682075440883636475E+01    0.247032822920623272-322
    0.102262973785400391E+01    0.776959478855133057E+01    0.257939994335174561E+00    0.215355396270751953E+01    0.247032822920623272-322
