    0.250000000000000309E-02   -0.494065645841246544-322    0.113411360979080200E+02    0.698389720916748047E+01    0.871336758136749268E+00    0.755137622356414795E+00
    0.250000000000000309E-02   -0.494065645841246544-322    0.123892146348953247E+02    0.297452861070632935E+01    0.760582983493804932E+00    0.661607205867767334E+00
    0.250000000000000309E-02   -0.494065645841246544-322    0.270732969045639038E+01    0.123142501115798950E+02    0.223171710968017578E+00    0.383329212665557861E+00
    0.250000000000000309E-02   -0.494065645841246544-322    0.242976129055023193E+01    0.121734471321105957E+02    0.423526465892791748E+00    0.819582581520080566E+00
    0.250000000000000309E-02   -0.494065645841246544-322    0.459881275892257690E+01    0.999790728092193604E+00    0.240784630179405212E+01    0.721393823623657227E-01
    0.250000000000000309E-02   -0.494065645841246544-322    0.715323776006698608E+01    0.123162391781806946E+02    0.961705744266510010E+00    0.579064190387725830E+00
    0.250000000000000309E-02   -0.494065645841246544-322    0.124737453460693359E+02    0.838309282064437866E+01    0.240212142467498779E+01    0.696149051189422607E+00
    0.250000000000000309E-02   -0.494065645841246544-322    0.264457494020462036E+01    0.159673231840133667E+01    0.488438308238983154E+00    0.376250147819519043E+00
    0.250000000000000309E-02   -0.494065645841246544-322    0.699659675359725952E+01    0.378880614042282104E+01    0.234671235084533691E+00    0.570210218429565430E+00
    0.250000000000000309E-02   -0.494065645841246544-322    0.125212579965591431E+01    0.304286354780197144E+01    0.123919919133186340E+01    0.659281909465789795E+00
    0.250000000000000309E-02   -0.494065645841246544-322    0.704121977090835571E+01    0.497877085208892822E+01    0.170942664146423340E+01    0.261961460113525391E+00
    0.250000000000000309E-02   -0.494065645841246544-322    0.117140355706214905E+02    0.773630446195602417E+01    0.150163739919662476E+01    0.128026425838470459E+00
    0.250000000000000309E-02   -0.494065645841246544-322    0.128596982359886169E+02    0.664075261354446411E+01    0.762235522270202637E+00    0.905214548110961914E-01
    0.250000000000000309E-02   -0.494065645841246544-322    0.590882420539855957E+01    0.766554963588714600E+01    0.169305473566055298E+01    0.475454330444335938E-02
    0.250000000000000309E-02   -0.494065645841246544-322    0.145877927541732788E+02    0.455880504846572876E+01    0.119098469614982605E+01    0.100994765758514404E+00
    0.250000000000000309E-02   -0.494065645841246544-322    0.134203594923019409E+02    0.123968603014945984E+02    0.546838641166687012E+00    0.560552000999450684E+00
    0.250000000000000309E-02   -0.494065645841246544-322    0.401711940765380859E+01    0.420502704381942749E+01    0.214991763234138489E+01    0.405151247978210449E-01
    0.250000000000000309E-02   -0.494065645841246544-322    0.147102007269859314E+02    0.379754579067230225E+01    0.778469443321228027E+00    0.501802742481231689E+00
    0.250000000000000309E-02   -0.494065645841246544-322    0.199723988771438599E+01    0.579440361261367798E+01    0.212166160345077515E+00    0.246752202510833740E+00
    0.250000000000000309E-02   -0.494065645841246544-322    0.103386783599853516E+02    0.113095839619636536E+02    0.109070166945457458E+01    0.142644941806793213E+00
    0.250000000000000309E-02   -0.494065645841246544-322    0.309033393859863281E+01    0.580110383033752441E+01    0.248111933469772339E+00    0.572936356067657471E+00
    0.250000000000000309E-02   -0.494065645841246544-322    0.131824037432670593E+02    0.420678597688674927E+01    0.163271576166152954E+00    0.789931952953338623E+00
    0.250000000000000309E-02   -0.494065645841246544-322    0.103401106595993042E+02    0.116684752702713013E+02    0.252069234848022461E+00    0.950027644634246826E+00
    0.250000000000000309E-02   -0.494065645841246544-322    0.603079676628112793E+01    0.717470270395278931E+01    0.949493050575256348E-01    0.204213678836822510E+00
    0.250000000000000309E-02   -0.494065645841246544-322    0.144867736101150513E+02    0.489369118213653564E+01    0.139540672302246094E+01    0.289204001426696777E+00
    0.250000000000000309E-02   -0.494065645841246544-322    0.145723843574523926E+02    0.725881379842758179E+01    0.265066921710968018E+00    0.618414461612701416E+00
    0.250000000000000309E-02   -0.494065645841246544-322    0.362409889698028564E+01    0.760987126827239990E+01    0.123948782682418823E+01    0.454904139041900635E+00
    0.250000000000000309E-02   -0.494065645841246544-322    0.649677515029907227E+00    0.108641926646232605E+02    0.221413046121597290E+01    0.856453180313110352E-02
    0.250000000000000309E-02   -0.494065645841246544-322    0.612907737493515015E+01    0.375005614757537842E+01    0.687005221843719482E+00    0.964260697364807129E+00
    0.250000000000000309E-02   -0.494065645841246544-322    0.837048590183258057E+00    0.794155567884445190E+01    0.232176631689071655E+00    0.244673311710357666E+00
    0.250000000000000309E-02   -0.494065645841246544-322    0.255997985601425171E+01    0.127401079535484314E+02    0.103194266557693481E+00    0.610253214836120605E+00
    0.250000000000000309E-02   -0.494065645841246544-322    0.142888051271438599E+02    0.568035733699798584E+01    0.172464281320571899E+01    0.732560634613037109E+00
    0.250000000000000309E-02   -0.494065645841246544-322    0.305151879787445068E+01    0.128477213382720947E+02    0.214718326926231384E+01    0.935803711414337158E+00
    0.250000000000000309E-02   -0.494065645841246544-322    0.206005543470382690E+01    0.551911121606826782E+01    0.111123323440551758E+01    0.614683330059051514E+00
    0.250000000000000309E-02   -0.494065645841246544-322    0.108319643139839172E+02    0.474896043539047241E+01    0.978343784809112549E+00    0.237938463687896729E+00
    0.250000000000000309E-02   -0.494065645841246544-322    0.469880282878875732E+01    0.910069102048873901E+01    0.445139855146408081E+00    0.589898407459259033E+00
    0.250000000000000309E-02   -0.494065645841246544-322    0.675886452198028564E+01    0.306891047954559326E+01    0.116489127278327942E+01    0.729920446872711182E+00
    0.250000000000000309E-02   -0.494065645841246544-322    0.423483252525329590E+01    0.123553696274757385E+02    0.118241310119628906E+00    0.109112262725830078E+00
    0.250000000000000309E-02   -0.494065645841246544-322    0.111161300539970398E+02    0.310806262493133545E+01    0.660323649644851685E+00    0.784810066223144531E+00
    0.250000000000000309E-02   -0.494065645841246544-322    0.445002526044845581E+01    0.265543025732040405E+01    0.587618052959442139E+00    0.703504562377929688E+00
    0.250000000000000309E-02   -0.494065645841246544-322    0.688276290893554688E+01    0.196905738115310669E+01    0.219625800848007202E+01    0.652670860290527344E-03
    0.250000000000000309E-02   -0.494065645841246544-322    0.840755403041839600E+01    0.981978780031204224E+01    0.589576512575149536E+00    0.691386103630065918E+00
    0.250000000000000309E-02   -0.494065645841246544-322    0.251766711473464966E+01    0.192369240522384644E+01    0.684024393558502197E+00    0.342953264713287354E+00
    0.250000000000000309E-02   -0.494065645841246544-322    0.171706706285476685E+01    0.121924707293510437E+02    0.470096468925476074E+00    0.732581734657287598E+00
    0.250000000000000309E-02   -0.494065645841246544-322    0.725004941225051880E+01    0.184931278228759766E+01    0.133062899112701416E+00    0.932578146457672119E+00
    0.250000000000000309E-02   -0.494065645841246544-322    0.897808045148849487E+01    0.105073903799057007E+02    0.102937519550323486E+00    0.142234325408935547E+00
    0.250000000000000309E-02   -0.494065645841246544-322    0.391912758350372314E+01    0.128044012188911438E+02    0.378537774085998535E+00    0.785853147506713867E+00
    0.250000000000000309E-02   -0.494065645841246544-322    0.855908900499343872E+01    0.125710783600807190E+02    0.166372761130332947E+01    0.577020108699798584E+00
    0.250000000000000309E-02   -0.494065645841246544-322    0.109654498100280762E+02    0.251534402370452881E+01    0.919397175312042236E+00    0.278679788112640381E+00
    0.250000000000000309E-02   -0.494065645841246544-322    0.515707075595855713E+01    0.119921793937683105E+02    0.192680433392524719E+01    0.294149339199066162E+00
    0.250000000000000309E-02   -0.494065645841246544-322    0.121082165837287903E+02    0.533236134052276611E+01    0.575127005577087402E+00    0.471071064472198486E+00
    0.250000000000000309E-02   -0.494065645841246544-322    0.122560447454452515E+02    0.117250323295593262E+01    0.128852471709251404E+01    0.771431803703308105E+00
    0.250000000000000309E-02   -0.494065645841246544-322    0.120905140042304993E+02    0.118501901030540466E+02    0.147182255983352661E+01    0.120327830314636230E+00
    0.250000000000000309E-02   -0.494065645841246544-322    0.580000340938568115E+01    0.349026328325271606E+01    0.175196975469589233E+00    0.775379240512847900E+00
    0.250000000000000309E-02   -0.494065645841246544-322    0.423533499240875244E+01    0.709202122688293457E+01    0.218593478202819824E+00    0.438478887081146240E+00
    0.250000000000000309E-02   -0.494065645841246544-322    0.124387416243553162E+02    0.109598282575607300E+02    0.968150645494461060E+00    0.397915244102478027E+00
    0.250000000000000309E-02   -0.494065645841246544-322    0.147798389196395874E+02    0.985946142673492432E+01    0.134261667728424072E+01    0.689595937728881836E+00
    0.250000000000000309E-02   -0.494065645841246544-322    0.467758029699325562E+01    0.117582420706748962E+02    0.173131972551345825E+00    0.697185754776000977E+00
    0.250000000000000309E-02   -0.494065645841246544-322    0.120027217268943787E+02    0.110603617429733276E+02    0.868092477321624756E+00    0.963360071182250977E-02
    0.250000000000000309E-02   -0.494065645841246544-322    0.107171595096588135E+01    0.334096240997314453E+01    0.206726774573326111E+01    0.335925638675689697E+00
    0.250000000000000309E-02   -0.494065645841246544-322    0.142196890711784363E+02    0.299393421411514282E+01    0.916239917278289795E+00    0.375439763069152832E+00
    0.250000000000000309E-02   -0.494065645841246544-322    0.846056967973709106E+01    0.398234301805496216E+01    0.137210741639137268E+01    0.300362884998321533E+00
    0.250000000000000309E-02   -0.494065645841246544-322    0.169666618108749390E+01    0.902630287408828735E+01    0.963465124368667603E+00    0.324769556522369385E+00
    0.250000000000000309E-02   -0.494065645841246544-322    0.142596289515495300E+02    0.686351567506790161E+01    0.219494313001632690E+01    0.820797145366668701E+00
    0.250000000000000309E-02   -0.494065645841246544-322    0.110224941372871399E+02    0.466706234216690063E+01    0.183688953518867493E+01    0.139399409294128418E+00
    0.250000000000000309E-02   -0.494065645841246544-322    0.847849309444427490E+01    0.124679638147354126E+02    0.438261032104492188E-01    0.789453387260437012E+00
    0.250000000000000309E-02   -0.494065645841246544-322    0.109963506460189819E+01    0.117390642762184143E+02    0.721885710954666138E+00    0.374181210994720459E+00
    0.250000000000000309E-02   -0.494065645841246544-322    0.356041520833969116E+01    0.524287658929824829E+01    0.124348238110542297E+01    0.633872628211975098E+00
    0.250000000000000309E-02   -0.494065645841246544-322    0.188445210456848145E+01    0.936733829975128174E+01    0.138348147273063660E+01    0.784402668476104736E+00
    0.250000000000000309E-02   -0.494065645841246544-322    0.166567683219909668E+01    0.580327033996582031E+00    0.242074951529502869E+01    0.414938211441040039E+00
    0.250000000000000309E-02   -0.494065645841246544-322    0.331066578626632690E+01    0.127820759415626526E+02    0.145482227206230164E+01    0.513567924499511719E+00
    0.250000000000000309E-02   -0.494065645841246544-322    0.997283577919006348E+01    0.363959980010986328E+01    0.138820394873619080E+01    0.359985351562500000E+00
    0.250000000000000309E-02   -0.494065645841246544-322    0.117739140987396240E+02    0.625475436449050903E+01    0.193913549184799194E+01    0.304074883460998535E-01
    0.250000000000000309E-02   -0.494065645841246544-322    0.148937657475471497E+02    0.114975410699844360E+01    0.182376220822334290E+01    0.975528240203857422E+00
    0.250000000000000309E-02   -0.494065645841246544-322    0.274898976087570190E+01    0.112932111620903015E+02    0.245532691478729248E+00    0.988565981388092041E+00
    0.250000000000000309E-02   -0.494065645841246544-322    0.900588870048522949E+01    0.701277780532836914E+01    0.257159024477005005E+00    0.890219092369079590E+00
    0.250000000000000309E-02   -0.494065645841246544-322    0.698992162942886353E+01    0.604594421386718750E+01    0.107972592115402222E+01    0.732471287250518799E+00
    0.250000000000000309E-02   -0.494065645841246544-322    0.733939647674560547E+01    0.115078986287117004E+02    0.724188834428787231E+00    0.623846530914306641E+00
    0.250000000000000309E-02   -0.494065645841246544-322    0.508112490177154541E+01    0.645032292604446411E+01    0.113267615437507629E+01    0.852508902549743652E+00
    0.250000000000000309E-02   -0.494065645841246544-322    0.109221643209457397E+02    0.551018637418746948E+01    0.696985423564910889E+00    0.391143560409545898E-02
    0.250000000000000309E-02   -0.494065645841246544-322    0.999143868684768677E+01    0.370232319831848145E+01    0.204479381442070007E+01    0.758257925510406494E+00
    0.250000000000000309E-02   -0.494065645841246544-322    0.168431013822555542E+01    0.296728599071502686E+01    0.454006940126419067E+00    0.161546051502227783E+00
    0.250000000000000309E-02   -0.494065645841246544-322    0.149953365325927734E+02    0.456533944606781006E+01    0.431465208530426025E+00    0.895754754543304443E+00
    0.250000000000000309E-02   -0.494065645841246544-322    0.186047315597534180E+01    0.393280386924743652E+00    0.183245733380317688E+01    0.195707023143768311E+00
    0.250000000000000309E-02   -0.494065645841246544-322    0.560404747724533081E+01    0.112594892382621765E+02    0.151398241519927979E+01    0.231202006340026855E+00
    0.250000000000000309E-02   -0.494065645841246544-322    0.593696683645248413E+01    0.368949693441390991E+01    0.216016918420791626E+00    0.380696177482604980E+00
    0.250000000000000309E-02   -0.494065645841246544-322    0.381417542695999146E+01    0.105087386369705200E+02    0.172095164656639099E+01    0.878777027130126953E+00
    0.250000000000000309E-02   -0.494065645841246544-322    0.131243330240249634E+02    0.105853056907653809E+01    0.104815870523452759E+01    0.370577216148376465E+00
    0.250000000000000309E-02   -0.494065645841246544-322    0.667696595191955566E+00    0.978376764059066772E+01    0.535760670900344849E+00    0.513165116310119629E+00
    0.250000000000000309E-02   -0.494065645841246544-322    0.650552093982696533E+01    0.125026031732559204E+02    0.173961907625198364E+01    0.257187366485595703E+00
    0.250000000000000309E-02   -0.494065645841246544-322    0.758099913597106934E+01    0.529549735784530640E+01    0.854459851980209351E+00    0.362360417842864990E+00
    0.250000000000000309E-02   -0.494065645841246544-322    0.271277636289596558E+01    0.353584212064743042E+01    0.246984377503395081E+01    0.835534751415252686E+00
    0.250000000000000309E-02   -0.494065645841246544-322    0.144828540086746216E+02    0.956303471326828003E+01    0.735686123371124268E+00    0.843857049942016602E+00
    0.250000000000000309E-02   -0.494065645841246544-322    0.135823729634284973E+02    0.680902439355850220E+01    0.639757513999938965E-01    0.602883160114288330E+00
    0.250000000000000309E-02   -0.494065645841246544-322    0.317197859287261963E+01    0.779855906963348389E+01    0.661404132843017578E+00    0.439471065998077393E+00
    0.250000000000000309E-02   -0.494065645841246544-322    0.955420196056365967E+01    0.322776150703430176E+01    0.282915085554122925E+00    0.506873786449432373E+00
    0.250000000000000309E-02   -0.494065645841246544-322    0.122474509477615356E+02    0.308574974536895752E+00    0.117023095488548279E+01    0.757137954235076904E+00
    0.250000000000000309E-02   -0.494065645841246544-322    0.253895491361618042E+01    0.867711901664733887E+01    0.172797888517379761E+01    0.543779730796813965E-01
    0.250000000000000309E-02   -0.494065645841246544-322    0.292942285537719727E+01    0.794369041919708252E+01    0.212695777416229248E+01    0.602082550525665283E+00
    0.250000000000000309E-02   -0.494065645841246544-322    0.139213863015174866E+02    0.230958759784698486E+01    0.120452404022216797E+01    0.785512208938598633E+00
    0.250000000000000309E-02   -0.494065645841246544-322    0.272255301475524902E+01    0.108580720424652100E+01    0.192185029387474060E+01    0.633134722709655762E+00
    0.250000000000000309E-02   -0.494065645841246544-322    0.126054918766021729E+02    0.128932296633720398E+02    0.564175248146057129E+00    0.584536910057067871E+00
    0.250000000000000309E-02   -0.494065645841246544-322    0.119647192955017090E+02    0.468252545595169067E+01    0.146360114216804504E+01    0.333892822265625000E+00
    0.250000000000000309E-02   -0.494065645841246544-322    0.219826698303222656E+00    0.193762207031250000E+01    0.172413691878318787E+01    0.135944843292236328E+00
    0.250000000000000309E-02   -0.494065645841246544-322    0.138538169860839844E+02    0.952096909284591675E+01    0.150018513202667236E+01    0.145074546337127686E+00
    0.250000000000000309E-02   -0.494065645841246544-322    0.378903955221176147E+01    0.845961260795593262E+01    0.181182727217674255E+01    0.110593318939208984E+00
    0.250000000000000309E-02   -0.494065645841246544-322    0.275374889373779297E+01    0.438155496120452881E+01    0.182252094149589539E+01    0.766917943954467773E+00
    0.250000000000000309E-02   -0.494065645841246544-322    0.292530119419097900E+01    0.719576573371887207E+01    0.166601493954658508E+01    0.521220982074737549E+00
    0.250000000000000309E-02   -0.494065645841246544-322    0.204713076353073120E+01    0.486997270584106445E+01    0.105334460735321045E+01    0.931832849979400635E+00
    0.250000000000000309E-02   -0.494065645841246544-322    0.223920822143554688E+01    0.731741416454315186E+01    0.188925042748451233E+01    0.780649363994598389E+00
    0.250000000000000309E-02   -0.494065645841246544-322    0.258458107709884644E+01    0.375712287425994873E+01    0.184195682406425476E+01    0.847785592079162598E+00
    0.250000000000000309E-02   -0.494065645841246544-322    0.111894428730010986E+02    0.672895807027816772E+01    0.114805996417999268E+00    0.299386799335479736E+00
    0.250000000000000309E-02   -0.494065645841246544-322    0.390965312719345093E+01    0.784120661020278931E+01    0.239673197269439697E+01    0.894117355346679688E-02
    0.250000000000000309E-02   -0.494065645841246544-322    0.328551650047302246E+01    0.634758883714675903E+01    0.186023712158203125E+00    0.190760195255279541E+00
    0.250000000000000309E-02   -0.494065645841246544-322    0.123370590806007385E+02    0.590104222297668457E+01    0.164661541581153870E+01    0.657351553440093994E+00
    0.250000000000000309E-02   -0.494065645841246544-322    0.144377589225769043E+01    0.122573621869087219E+02    0.329357981681823730E+00    0.191040217876434326E+00
    0.250000000000000309E-02   -0.494065645841246544-322    0.960083842277526855E+01    0.794330221414566040E+01    0.149803265929222107E+01    0.567377984523773193E+00
    0.250000000000000309E-02   -0.494065645841246544-322    0.940479934215545654E+00    0.472054320573806763E+01    0.600847601890563965E-01    0.789264202117919922E+00
    0.250000000000000309E-02   -0.494065645841246544-322    0.119676142930984497E+02    0.612300562858581543E+01    0.497383028268814087E+00    0.872085869312286377E+00
    0.250000000000000309E-02   -0.494065645841246544-322    0.588337987661361694E+01    0.192084401845932007E+01    0.110920846462249756E+01    0.236482918262481689E+00
    0.250000000000000309E-02   -0.494065645841246544-322    0.124943929910659790E+02    0.828826463222503662E+01    0.239626422524452209E+01    0.503571569919586182E+00
    0.250000000000000309E-02   -0.494065645841246544-322    0.297903299331665039E+01    0.111392781734466553E+02    0.135516598820686340E+01    0.435886740684509277E+00
    0.250000000000000309E-02   -0.494065645841246544-322    0.208433836698532104E+01    0.135713851451873779E+01    0.862327218055725098E+00    0.836174309253692627E+00
    0.250000000000000309E-02   -0.494065645841246544-322    0.675021708011627197E+00    0.504847729206085205E+01    0.618808418512344360E+00    0.819036483764648438E+00
    0.250000000000000309E-02   -0.494065645841246544-322    0.779512703418731689E+01    0.119974949359893799E+02    0.775424689054489136E+00    0.463429987430572510E+00
    0.250000000000000309E-02   -0.494065645841246544-322    0.122383886575698853E+02    0.127924753427505493E+02    0.728175938129425049E+00    0.320471465587615967E+00
    0.250000000000000309E-02   -0.494065645841246544-322    0.555511862039566040E+01    0.404412031173706055E+00    0.941821783781051636E+00    0.330255210399627686E+00
    0.250000000000000309E-02   -0.494065645841246544-322    0.129271253943443298E+02    0.622263330221176147E+01    0.784395933151245117E+00    0.146720409393310547E-01
    0.250000000000000309E-02   -0.494065645841246544-322    0.186593770980834961E+01    0.100333385467529297E+02    0.580558776855468750E+00    0.235201716423034668E+00
    0.250000000000000309E-02   -0.494065645841246544-322    0.103705412149429321E+02    0.728130179643630981E+01    0.189051166176795959E+01    0.601230740547180176E+00
    0.250000000000000309E-02   -0.494065645841246544-322    0.824258565902709961E+01    0.488357925415039062E+01    0.497822463512420654E-01    0.627576231956481934E+00
    0.250000000000000309E-02   -0.494065645841246544-322    0.945713192224502563E+01    0.397778606414794922E+01    0.194343551993370056E+01    0.487313866615295410E+00
    0.250000000000000309E-02   -0.494065645841246544-322    0.340273529291152954E+01    0.777007210254669189E+01    0.222215026617050171E+01    0.453191995620727539E-02
    0.250000000000000309E-02   -0.494065645841246544-322    0.122700038552284241E+02    0.180983752012252808E+01    0.210226297378540039E+01    0.182726442813873291E+00
    0.250000000000000309E-02   -0.494065645841246544-322    0.952061444520950317E+01    0.562545305490493774E+01    0.862242281436920166E+00    0.903283357620239258E+00
    0.250000000000000309E-02   -0.494065645841246544-322    0.775489211082458496E+01    0.441805243492126465E+01    0.237719208002090454E+01    0.100326240062713623E+00
    0.250000000000000309E-02   -0.494065645841246544-322    0.163664817810058594E+01    0.541939133405685425E+01    0.142058983445167542E+01    0.919563829898834229E+00
    0.250000000000000309E-02   -0.494065645841246544-322    0.634600907564163208E+01    0.823193693161010742E+01    0.122492522001266479E+01    0.336232066154479980E+00
    0.250000000000000309E-02   -0.494065645841246544-322    0.956849455833435059E+00    0.264496034383773804E+01    0.116248354315757751E+01    0.481693208217620850E+00
    0.250000000000000309E-02   -0.494065645841246544-322    0.493453055620193481E+01    0.287563318014144897E+01    0.212137505412101746E+01    0.222616195678710938E-01
    0.250000000000000309E-02   -0.494065645841246544-322    0.124177810549736023E+02    0.129163561463356018E+02    0.124793648719787598E+00    0.203178286552429199E+00
    0.250000000000000309E-02   -0.494065645841246544-322    0.767856717109680176E+01    0.844987338781356812E+01    0.213562995195388794E+00    0.500886917114257812E+00
    0.250000000000000309E-02   -0.494065645841246544-322    0.570793300867080688E+01    0.511365002393722534E+01    0.181182682514190674E+01    0.996746838092803955E+00
    0.250000000000000309E-02   -0.494065645841246544-322    0.851589471101760864E+01    0.120950622558593750E+02    0.798242986202239990E+00    0.460429787635803223E+00
    0.250000000000000309E-02   -0.494065645841246544-322    0.840020030736923218E+01    0.785121005773544312E+01    0.139251396059989929E+01    0.182825684547424316E+00
    0.250000000000000309E-02   -0.494065645841246544-322    0.124919539690017700E+02    0.624724364280700684E+01    0.962242484092712402E+00    0.669584929943084717E+00
    0.250000000000000309E-02   -0.494065645841246544-322    0.260064572095870972E+01    0.786657166481018066E+01    0.221781209111213684E+01    0.322358965873718262E+00
    0.250000000000000309E-02   -0.494065645841246544-322    0.379703253507614136E+01    0.921967625617980957E+00    0.244565650820732117E+01    0.666327536106109619E+00
    0.250000000000000309E-02   -0.494065645841246544-322    0.780542939901351929E+01    0.113313621878623962E+02    0.141342952847480774E+01    0.352538943290710449E+00
    0.250000000000000309E-02   -0.494065645841246544-322    0.121315723657608032E+02    0.401363265514373779E+01    0.198758110404014587E+01    0.123064398765563965E+00
    0.250000000000000309E-02   -0.494065645841246544-322    0.289555817842483521E+01    0.106534732580184937E+02    0.230917483568191528E+01    0.394149899482727051E+00
    0.250000000000000309E-02   -0.494065645841246544-322    0.797840058803558350E+01    0.123331040143966675E+02    0.164781510829925537E+01    0.561545789241790771E+00
    0.250000000000000309E-02   -0.494065645841246544-322    0.866339921951293945E+01    0.571134865283966064E+00    0.259100198745727539E+00    0.672354102134704590E-01
    0.250000000000000309E-02   -0.494065645841246544-322    0.135093963146209717E+02    0.211973208189010620E+01    0.210064917802810669E+01    0.588257670402526855E+00
    0.250000000000000309E-02   -0.494065645841246544-322    0.907243341207504272E+01    0.657209146022796631E+01    0.890471190214157104E+00    0.174670577049255371E+00
    0.250000000000000309E-02   -0.494065645841246544-322    0.120499956607818604E+02    0.431195467710494995E+01    0.161411315202713013E+01    0.665926814079284668E+00
    0.250000000000000309E-02   -0.494065645841246544-322    0.216052472591400146E+01    0.631499201059341431E+01    0.240392357110977173E+01    0.152361989021301270E-01
    0.250000000000000309E-02   -0.494065645841246544-322    0.119996094703674316E+02    0.797475922107696533E+01    0.222731158137321472E+01    0.562553346157073975E+00
    0.250000000000000309E-02   -0.494065645841246544-322    0.488635897636413574E+00    0.113206280469894409E+02    0.124652311205863953E+01    0.762840449810028076E+00
    0.250000000000000309E-02   -0.494065645841246544-322    0.460469752550125122E+01    0.310932797193527222E+01    0.253656506538391113E+00    0.458296597003936768E+00
    0.250000000000000309E-02   -0.494065645841246544-322    0.242339283227920532E+01    0.793730711936950684E+01    0.227047055959701538E+01    0.456074357032775879E+00
    0.250000000000000309E-02   -0.494065645841246544-322    0.450060546398162842E+01    0.554301410913467407E+01    0.207586973905563354E+01    0.466121613979339600E+00
    0.250000000000000309E-02   -0.494065645841246544-322    0.309285521507263184E+00    0.244190198183059692E+01    0.220755904912948608E+01    0.750148832798004150E+00
    0.250000000000000309E-02   -0.494065645841246544-322    0.606899410486221313E+01    0.103279668092727661E+01    0.224889263510704041E+01    0.669181346893310547E+00
    0.250000000000000309E-02   -0.494065645841246544-322    0.418266713619232178E+01    0.813282608985900879E+00    0.856933146715164185E+00    0.379557490348815918E+00
    0.250000000000000309E-02   -0.494065645841246544-322    0.140307667851448059E+02    0.119028798341751099E+02    0.174113988876342773E+01    0.310642361640930176E+00
    0.250000000000000309E-02   -0.494065645841246544-322    0.766062945127487183E+01    0.489529669284820557E+01    0.184538960456848145E-01    0.167195975780487061E+00
    0.250000000000000309E-02   -0.494065645841246544-322    0.946821480989456177E+01    0.148573511838912964E+01    0.246152281761169434E-02    0.983841776847839355E+00
    0.250000000000000309E-02   -0.494065645841246544-322    0.336560457944869995E+01    0.100005573034286499E+01    0.320209413766860962E+00    0.239757239818572998E+00
    0.250000000000000309E-02   -0.494065645841246544-322    0.116088643670082092E+02    0.470116317272186279E+00    0.345270335674285889E-01    0.970421850681304932E+00
    0.250000000000000309E-02   -0.494065645841246544-322    0.113353461027145386E+01    0.625425380468368530E+01    0.504635721445083618E+00    0.244906485080718994E+00
    0.250000000000000309E-02   -0.494065645841246544-322    0.403872728347778320E+01    0.234953165054321289E-01    0.150244846940040588E+01    0.144443333148956299E+00
    0.250000000000000309E-02   -0.494065645841246544-322    0.778675854206085205E+01    0.285638099908828735E+01    0.608801543712615967E+00    0.113269031047821045E+00
    0.250000000000000309E-02   -0.494065645841246544-322    0.479828059673309326E+01    0.879481023550033569E+01    0.163126274943351746E+01    0.814179658889770508E+00
    0.250000000000000309E-02   -0.494065645841246544-322    0.147638744115829468E+02    0.403517532348632812E+01    0.131809815764427185E+01    0.456824243068695068E+00
    0.250000000000000309E-02   -0.494065645841246544-322    0.335584312677383423E+01    0.459785878658294678E+01    0.185912072658538818E+01    0.236101746559143066E-01
    0.250000000000000309E-02   -0.494065645841246544-322    0.599108487367630005E+01    0.820457816123962402E+01    0.175293520092964172E+01    0.165957391262054443E+00
    0.250000000000000309E-02   -0.494065645841246544-322    0.711168766021728516E+01    0.298440420627593994E+01    0.171498551964759827E+01    0.841782629489898682E+00
    0.250000000000000309E-02   -0.494065645841246544-322    0.134104281663894653E+01    0.594178050756454468E+01    0.102120652794837952E+01    0.994600653648376465E+00
    0.250000000000000309E-02   -0.494065645841246544-322    0.339395999908447266E+01    0.372862583398818970E+01    0.134711891412734985E+01    0.709865033626556396E+00
    0.250000000000000309E-02   -0.494065645841246544-322    0.964373588562011719E+01    0.263358229398727417E+01    0.749863982200622559E+00    0.208180665969848633E+00
    0.250000000000000309E-02   -0.494065645841246544-322    0.127249816060066223E+02    0.114749306440353394E+02    0.198937609791755676E+01    0.553484261035919189E+00
    0.250000000000000309E-02   -0.494065645841246544-322    0.779506981372833252E+01    0.358602827787399292E+01    0.610458552837371826E+00    0.111367046833038330E+00
    0.250000000000000309E-02   -0.494065645841246544-322    0.135336980223655701E+02    0.176436483860015869E+01    0.985485762357711792E+00    0.322744071483612061E+00
    0.250000000000000309E-02   -0.494065645841246544-322    0.128377443552017212E+02    0.831414961814880371E+01    0.782675594091415405E+00    0.996876597404479980E+00
    0.250000000000000309E-02   -0.494065645841246544-322    0.804319024085998535E+01    0.686733651161193848E+01    0.888445079326629639E+00    0.759148836135864258E+00
    0.250000000000000309E-02   -0.494065645841246544-322    0.104305082559585571E+02    0.596020978689193726E+01    0.178568288683891296E+01    0.914269030094146729E+00
    0.250000000000000309E-02   -0.494065645841246544-322    0.977263659238815308E+01    0.689688968658447266E+01    0.150263950228691101E+01    0.625370204448699951E+00
    0.250000000000000309E-02   -0.494065645841246544-322    0.102031490206718445E+02    0.105697209239006042E+02    0.123334228992462158E+01    0.132420718669891357E+00
    0.250000000000000309E-02   -0.494065645841246544-322    0.107580471038818359E+02    0.115845268964767456E+01    0.122802957892417908E+01    0.815231263637542725E+00
    0.250000000000000309E-02   -0.494065645841246544-322    0.191875934600830078E+01    0.106343822479248047E+02    0.959846228361129761E+00    0.502656579017639160E+00
    0.250000000000000309E-02   -0.494065645841246544-322    0.377280682325363159E+01    0.495160347223281860E+01    0.216812044382095337E+00    0.171181440353393555E+00
    0.250000000000000309E-02   -0.494065645841246544-322    0.102258288860321045E+02    0.109899594783782959E+02    0.926169902086257935E+00    0.204337537288665771E+00
    0.250000000000000309E-02   -0.494065645841246544-322    0.132656335830688477E+01    0.701352554559707642E+01    0.664823502302169800E+00    0.872689306735992432E+00
    0.250000000000000309E-02   -0.494065645841246544-322    0.132264393568038940E+02    0.659001785516738892E+01    0.151393681764602661E+01    0.526770174503326416E+00
    0.250000000000000309E-02   -0.494065645841246544-322    0.123908963799476624E+02    0.740213197469711304E+01    0.219791546463966370E+01    0.864045321941375732E+00
    0.250000000000000309E-02   -0.494065645841246544-322    0.125914245843887329E+02    0.800143998861312866E+01    0.159871876239776611E+01    0.439238131046295166E+00
    0.250000000000000309E-02   -0.494065645841246544-322    0.189203739166259766E+01    0.265463912487030029E+01    0.161291494965553284E+01    0.675280392169952393E+00
    0.250000000000000309E-02   -0.494065645841246544-322    0.145375290513038635E+02    0.367633050680160522E+01    0.937638133764266968E+00    0.482220768928527832E+00
    0.250000000000000309E-02   -0.494065645841246544-322    0.112398084998130798E+02    0.290665161609649658E+01    0.170102030038833618E+01    0.820775806903839111E+00
    0.250000000000000309E-02   -0.494065645841246544-322    0.708771497011184692E+01    0.103220313787460327E+02    0.795729607343673706E+00    0.319491147994995117E+00
    0.250000000000000309E-02   -0.494065645841246544-322    0.609957486391067505E+01    0.373004227876663208E+01    0.118881016969680786E+00    0.233782529830932617E+00
    0.250000000000000309E-02   -0.494065645841246544-322    0.358566731214523315E+01    0.121397159099578857E+02    0.331381857395172119E+00    0.441558301448822021E+00
    0.250000000000000309E-02   -0.494065645841246544-322    0.844070971012115479E+01    0.123671730756759644E+02    0.181193113327026367E+01    0.123264491558074951E+00
    0.250000000000000309E-02   -0.494065645841246544-322    0.114845386147499084E+02    0.233398175239562988E+01    0.104842603206634521E+01    0.948974072933197021E+00
    0.250000000000000309E-02   -0.494065645841246544-322    0.770537137985229492E+01    0.120013196468353271E+02    0.839248001575469971E+00    0.264032781124114990E+00
    0.250000000000000309E-02   -0.494065645841246544-322    0.671828180551528931E+01    0.749342602491378784E+01    0.118800401687622070E+01    0.807509183883666992E+00
    0.250000000000000309E-02   -0.494065645841246544-322    0.356411039829254150E+00    0.490533113479614258E-01    0.548031479120254517E+00    0.477099895477294922E+00
    0.250000000000000309E-02   -0.494065645841246544-322    0.108227285742759705E+02    0.768499553203582764E+00    0.244390174746513367E+01    0.583024799823760986E+00
    0.250000000000000309E-02   -0.494065645841246544-322    0.108279740810394287E+02    0.819373244047164917E+01    0.495690405368804932E+00    0.721004903316497803E+00
    0.250000000000000309E-02   -0.494065645841246544-322    0.592167735099792480E+01    0.101655886173248291E+02    0.766329765319824219E+00    0.819832205772399902E+00
    0.250000000000000309E-02   -0.494065645841246544-322    0.250583410263061523E+01    0.311185014247894287E+01    0.465050488710403442E+00    0.939327657222747803E+00
    0.250000000000000309E-02   -0.494065645841246544-322    0.320749282836914062E+00    0.115711008906364441E+02    0.163156241178512573E+00    0.961943507194519043E+00
    0.250000000000000309E-02   -0.494065645841246544-322    0.791485637426376343E+01    0.514158606529235840E-01    0.105652526021003723E+01    0.868422329425811768E+00
    0.250000000000000309E-02   -0.494065645841246544-322    0.108051189780235291E+02    0.397030246257781982E+01    0.808052867650985718E+00    0.446579277515411377E+00
    0.250000000000000309E-02   -0.494065645841246544-322    0.103383430838584900E+02    0.881489229202270508E+01    0.709152668714523315E+00    0.230287492275238037E+00
    0.250000000000000309E-02   -0.494065645841246544-322    0.769634574651718140E+01    0.306082791090011597E+01    0.129435166716575623E+01    0.580614864826202393E+00
    0.250000000000000309E-02   -0.494065645841246544-322    0.397880405187606812E+01    0.606770539283752441E+01    0.116405516862869263E+01    0.802935361862182617E-01
    0.250000000000000309E-02   -0.494065645841246544-322    0.930836945772171021E+01    0.535718011856079102E+01    0.265740454196929932E+00    0.136615812778472900E+00
    0.250000000000000309E-02   -0.494065645841246544-322    0.111660361289978027E-01    0.531756538152694702E+01    0.134073570370674133E+01    0.355651676654815674E+00
    0.250000000000000309E-02   -0.494065645841246544-322    0.651846528053283691E+00    0.510922169685363770E+01    0.189153954386711121E+01    0.616633892059326172E-01
    0.250000000000000309E-02   -0.494065645841246544-322    0.631449133157730103E+01    0.129789873361587524E+02    0.140964388847351074E+00    0.534927129745483398E+00
    0.250000000000000309E-02   -0.494065645841246544-322    0.863193333148956299E+01    0.615764188766479492E+01    0.164614319801330566E+01    0.189137697219848633E+00
    0.250000000000000309E-02   -0.494065645841246544-322    0.943767517805099487E+01    0.142827922105789185E+01    0.128807872533798218E+00    0.358983337879180908E+00
    0.250000000000000309E-02   -0.494065645841246544-322    0.134370625019073486E+00    0.108436542153358459E+02    0.222372546792030334E+01    0.587720155715942383E+00
    0.250000000000000309E-02   -0.494065645841246544-322    0.147341778874397278E+02    0.109332606196403503E+02    0.244012042880058289E+01    0.194032013416290283E+00
    0.250000000000000309E-02   -0.494065645841246544-322    0.332735627889633179E+01    0.185970908403396606E+01    0.125633656978607178E+01    0.463291108608245850E+00
    0.250000000000000309E-02   -0.494065645841246544-322    0.297314912080764771E+01    0.118491161465644836E+02    0.870028287172317505E+00    0.450445413589477539E+00
    0.250000000000000309E-02   -0.494065645841246544-322    0.728719443082809448E+01    0.116559651494026184E+02    0.104296624660491943E+01    0.749654173851013184E+00
    0.250000000000000309E-02   -0.494065645841246544-322    0.645665287971496582E+01    0.119718641042709351E+01    0.950984954833984375E+00    0.191145718097686768E+00
    0.250000000000000309E-02   -0.494065645841246544-322    0.145757049322128296E+01    0.905738407373428345E+01    0.958211719989776611E+00    0.553509294986724854E+00
    0.250000000000000309E-02   -0.494065645841246544-322    0.121705430746078491E+02    0.569578170776367188E+00    0.249842524528503418E+01    0.729387104511260986E+00
    0.250000000000000309E-02   -0.494065645841246544-322    0.204070955514907837E+01    0.242737567424774170E+01    0.388462990522384644E+00    0.474701046943664551E+00
    0.250000000000000309E-02   -0.494065645841246544-322    0.125725212693214417E+02    0.502882838249206543E+00    0.136149212718009949E+01    0.433791041374206543E+00
    0.250000000000000309E-02   -0.494065645841246544-322    0.292153537273406982E+01    0.386079144477844238E+01    0.547940731048583984E+00    0.840492844581604004E+00
    0.250000000000000309E-02   -0.494065645841246544-322    0.127390488982200623E+02    0.119314985275268555E+02    0.183274492621421814E+01    0.699437141418457031E+00
    0.250000000000000309E-02   -0.494065645841246544-322    0.120981591939926147E+02    0.402304410934448242E+01    0.558999627828598022E+00    0.334436953067779541E+00
    0.250000000000000309E-02   -0.494065645841246544-322    0.532325059175491333E+01    0.904853129386901855E+01    0.241731047630310059E+01    0.553509771823883057E+00
    0.250000000000000309E-02   -0.494065645841246544-322    0.967205017805099487E+01    0.610090970993041992E+00    0.122169777750968933E+01    0.276162981986999512E+00
    0.250000000000000309E-02   -0.494065645841246544-322    0.102829411625862122E+02    0.164509832859039307E+01    0.847951769828796387E+00    0.445449829101562500E+00
    0.250000000000000309E-02   -0.494065645841246544-322    0.177438765764236450E+01    0.585867905616760254E+01    0.144646391272544861E+01    0.348447024822235107E+00
    0.250000000000000309E-02   -0.494065645841246544-322    0.822358220815658569E+01    0.423336446285247803E+01    0.195713654160499573E+01    0.732049465179443359E+00
    0.250000000000000309E-02   -0.494065645841246544-322    0.137064027786254883E+02    0.194063395261764526E+01    0.737076252698898315E+00    0.523076832294464111E+00
    0.250000000000000309E-02   -0.494065645841246544-322    0.582469493150711060E+01    0.909867095947265625E+01    0.123973071575164795E+01    0.264085948467254639E+00
    0.250000000000000309E-02   -0.494065645841246544-322    0.860005885362625122E+01    0.793349248170852661E+01    0.228285297751426697E+01    0.818838477134704590E+00
    0.250000000000000309E-02   -0.494065645841246544-322    0.703922778367996216E+01    0.343682581186294556E+01    0.239216133952140808E+01    0.200216412544250488E+00
    0.250000000000000309E-02   -0.494065645841246544-322    0.822608202695846558E+01    0.124004409313201904E+02    0.226547285914421082E+01    0.105465710163116455E+00
    0.250000000000000309E-02   -0.494065645841246544-322    0.457343548536300659E+01    0.102934367060661316E+02    0.719272345304489136E+00    0.472962677478790283E+00
    0.250000000000000309E-02   -0.494065645841246544-322    0.195580512285232544E+01    0.732877749204635620E+01    0.128194823861122131E+01    0.896457552909851074E+00
    0.250000000000000309E-02   -0.494065645841246544-322    0.421588718891143799E+01    0.121167668700218201E+02    0.117407247424125671E+01    0.603679358959197998E+00
    0.250000000000000309E-02   -0.494065645841246544-322    0.493051886558532715E+01    0.820320433378219604E+01    0.193240016698837280E+01    0.443122446537017822E+00
    0.250000000000000309E-02   -0.494065645841246544-322    0.947798520326614380E+01    0.124511586427688599E+02    0.203922614455223083E+01    0.912469863891601562E+00
    0.250000000000000309E-02   -0.494065645841246544-322    0.105441534519195557E+02    0.115088075399398804E+02    0.178848668932914734E+01    0.389328837394714355E+00
    0.250000000000000309E-02   -0.494065645841246544-322    0.408499002456665039E+01    0.986585015058517456E+01    0.204257965087890625E+00    0.133745670318603516E+00
    0.250000000000000309E-02   -0.494065645841246544-322    0.236067920923233032E+01    0.222883009910583496E+01    0.205439358949661255E+01    0.122444629669189453E-01
    0.250000000000000309E-02   -0.494065645841246544-322    0.659138381481170654E+01    0.124031606912612915E+02    0.389648079872131348E+00    0.717429518699645996E-01
    0.250000000000000309E-02   -0.494065645841246544-322    0.109108686447143555E+01    0.361670964956283569E+01    0.879375338554382324E+00    0.827620029449462891E+00
    0.250000000000000309E-02   -0.494065645841246544-322    0.329236328601837158E+01    0.850966238975524902E+01    0.165084511041641235E+01    0.849146842956542969E-01
    0.250000000000000309E-02   -0.494065645841246544-322    0.444437652826309204E+01    0.102502521872520447E+02    0.111537128686904907E+00    0.281095743179321289E+00
    0.250000000000000309E-02   -0.494065645841246544-322    0.103272503614425659E+02    0.125417514443397522E+02    0.409013181924819946E+00    0.577219724655151367E+00
    0.250000000000000309E-02   -0.494065645841246544-322    0.135451886057853699E+02    0.878642624616622925E+01    0.113170921802520752E+01    0.992950081825256348E+00
    0.250000000000000309E-02   -0.494065645841246544-322    0.132912915945053101E+02    0.623690778017044067E+01    0.197643414139747620E+01    0.194898784160614014E+00
    0.250000000000000309E-02   -0.494065645841246544-322    0.278512179851531982E+01    0.922439283132553101E+01    0.138464659452438354E+01    0.801531791687011719E+00
    0.250000000000000309E-02   -0.494065645841246544-322    0.128214284777641296E+02    0.381134372949600220E+01    0.168941617012023926E+01    0.142864286899566650E+00
    0.250000000000000309E-02   -0.494065645841246544-322    0.118422469496726990E+02    0.119283130764961243E+02    0.125175446271896362E+01    0.113109350204467773E-01
    0.250000000000000309E-02   -0.494065645841246544-322    0.114230364561080933E+02    0.333967149257659912E+00    0.206057235598564148E+01    0.731924772262573242E+00
    0.250000000000000309E-02   -0.494065645841246544-322    0.106916409730911255E+02    0.181145852804183960E+01    0.847265571355819702E+00    0.684556722640991211E+00
    0.250000000000000309E-02   -0.494065645841246544-322    0.198832601308822632E+01    0.606281757354736328E+00    0.134546995162963867E+01    0.591560781002044678E+00
    0.250000000000000309E-02   -0.494065645841246544-322    0.603559345006942749E+01    0.109468377232551575E+02    0.140590682625770569E+01    0.544663608074188232E+00
    0.250000000000000309E-02   -0.494065645841246544-322    0.549491643905639648E+01    0.753828656673431396E+01    0.593787431716918945E+00    0.754296779632568359E-01
    0.250000000000000309E-02   -0.494065645841246544-322    0.556034803390502930E+01    0.239636576175689697E+01    0.130537495017051697E+01    0.864019989967346191E-01
    0.250000000000000309E-02   -0.494065645841246544-322    0.741357743740081787E+01    0.125673133134841919E+01    0.150348365306854248E+01    0.170946657657623291E+00
    0.250000000000000309E-02   -0.494065645841246544-322    0.518003493547439575E+01    0.105608673691749573E+02    0.143473297357559204E+01    0.396014571189880371E+00
    0.250000000000000309E-02   -0.494065645841246544-322    0.108797487616539001E+02    0.106070482730865479E+02    0.164751380681991577E+01    0.854269623756408691E+00
    0.250000000000000309E-02   -0.494065645841246544-322    0.805285871028900146E+01    0.958439218997955322E+01    0.173104405403137207E+00    0.467855930328369141E+00
    0.250000000000000309E-02   -0.494065645841246544-322    0.372901618480682373E+01    0.579252767562866211E+01    0.784115642309188843E+00    0.136237263679504395E+00
    0.250000000000000309E-02   -0.494065645841246544-322    0.953815966844558716E+01    0.933033406734466553E+00    0.676657110452651978E+00    0.836699426174163818E+00
    0.250000000000000309E-02   -0.494065645841246544-322    0.147684869170188904E+02    0.652780354022979736E+01    0.578525662422180176E+00    0.352788388729095459E+00
    0.250000000000000309E-02   -0.494065645841246544-322    0.347238779067993164E+00    0.270082080364227295E+01    0.216103062033653259E+01    0.633140504360198975E+00
    0.250000000000000309E-02   -0.494065645841246544-322    0.107341262698173523E+02    0.248542201519012451E+01    0.139912486076354980E+01    0.712931156158447266E+00
    0.250000000000000309E-02   -0.494065645841246544-322    0.773242413997650146E+01    0.103783575296401978E+02    0.248249754309654236E+01    0.761255025863647461E+00
    0.250000000000000309E-02   -0.494065645841246544-322    0.130685546994209290E+02    0.507050347328186035E+01    0.476901233196258545E+00    0.809663295745849609E+00
    0.250000000000000309E-02   -0.494065645841246544-322    0.742813915014266968E+01    0.624301135540008545E+01    0.570625513792037964E+00    0.608636558055877686E+00
    0.250000000000000309E-02   -0.494065645841246544-322    0.135410454869270325E+02    0.128129572272300720E+02    0.130283489823341370E+01    0.308155179023742676E+00
    0.250000000000000309E-02   -0.494065645841246544-322    0.533117562532424927E+01    0.829137337207794189E+01    0.107750684022903442E+01    0.465149879455566406E+00
    0.250000000000000309E-02   -0.494065645841246544-322    0.134341889619827271E+02    0.126249939203262329E+01    0.157362923026084900E+01    0.667224764823913574E+00
    0.250000000000000309E-02   -0.494065645841246544-322    0.609607547521591187E+01    0.237969231605529785E+01    0.244643554091453552E+01    0.622440457344055176E+00
    0.250000000000000309E-02   -0.494065645841246544-322    0.836428195238113403E+01    0.127999806404113770E+02    0.100921958684921265E+01    0.874043285846710205E+00
    0.250000000000000309E-02   -0.494065645841246544-322    0.966139733791351318E+01    0.122769568562507629E+02    0.614633858203887939E+00    0.905622243881225586E-01
    0.250000000000000309E-02   -0.494065645841246544-322    0.433722674846649170E+01    0.501311963796615601E+01    0.146802484989166260E+01    0.412607789039611816E-01
    0.250000000000000309E-02   -0.494065645841246544-322    0.117943006753921509E+02    0.699173104763031006E+01    0.108900725841522217E+01    0.343380868434906006E+00
    0.250000000000000309E-02   -0.494065645841246544-322    0.114731714129447937E+02    0.487512630224227905E+01    0.165612310171127319E+01    0.747113823890686035E-01
    0.250000000000000309E-02   -0.494065645841246544-322    0.119594433903694153E+02    0.222103655338287354E+00    0.157655909657478333E+01    0.139500498771667480E-01
    0.250000000000000309E-02   -0.494065645841246544-322    0.627505838871002197E+01    0.345503038167953491E+01    0.183510631322860718E+01    0.315586030483245850E+00
    0.250000000000000309E-02   -0.494065645841246544-322    0.857941120862960815E+01    0.759556114673614502E+01    0.193761885166168213E+00    0.760312080383300781E-01
    0.250000000000000309E-02   -0.494065645841246544-322    0.678975105285644531E+01    0.496004170179367065E+01    0.330315530300140381E-01    0.555093944072723389E+00
    0.250000000000000309E-02   -0.494065645841246544-322    0.165786892175674438E+01    0.126242632269859314E+02    0.148520171642303467E+01    0.510360300540924072E+00
    0.250000000000000309E-02   -0.494065645841246544-322    0.141600939631462097E+02    0.690241676568984985E+01    0.245330616831779480E+01    0.790489315986633301E-01
    0.250000000000000309E-02   -0.494065645841246544-322    0.414743185043334961E+01    0.871377301216125488E+01    0.143847152590751648E+01    0.465824902057647705E+00
    0.250000000000000309E-02   -0.494065645841246544-322    0.619341820478439331E+01    0.296887987852096558E+01    0.678637474775314331E+00    0.308315753936767578E+00
    0.250000000000000309E-02   -0.494065645841246544-322    0.262316554784774780E+01    0.530616021156311035E+01    0.201262682676315308E+00    0.122090637683868408E+00
    0.250000000000000309E-02   -0.494065645841246544-322    0.114155083894729614E+02    0.124897048473358154E+02    0.217795073986053467E+00    0.804352045059204102E+00
    0.250000000000000309E-02   -0.494065645841246544-322    0.120062935352325439E+02    0.871830672025680542E+01    0.747912675142288208E+00    0.918824136257171631E+00
    0.250000000000000309E-02   -0.494065645841246544-322    0.217888802289962769E+01    0.399543738365173340E+01    0.775652229785919189E+00    0.503286659717559814E+00
    0.250000000000000309E-02   -0.494065645841246544-322    0.856379985809326172E+01    0.356571841239929199E+01    0.381967872381210327E+00    0.180700361728668213E+00
    0.250000000000000309E-02   -0.494065645841246544-322    0.733365029096603394E+01    0.807922822237014771E+01    0.239126384258270264E-01    0.816152751445770264E+00
    0.250000000000000309E-02   -0.494065645841246544-322    0.119034326076507568E+02    0.959263360500335693E+01    0.196338891983032227E+01    0.845091938972473145E-01
    0.250000000000000309E-02   -0.494065645841246544-322    0.460382401943206787E+00    0.108414249420166016E+02    0.139395892620086670E+01    0.506259262561798096E+00
    0.250000000000000309E-02   -0.494065645841246544-322    0.106897893548011780E+02    0.454454374313354492E+01    0.213727831840515137E+01    0.432010293006896973E+00
    0.250000000000000309E-02   -0.494065645841246544-322    0.132120770215988159E+02    0.167124986648559570E+01    0.146645307540893555E+01    0.448778986930847168E+00
    0.250000000000000309E-02   -0.494065645841246544-322    0.338327229022979736E+01    0.552366274595260620E+01    0.196889847517013550E+01    0.410787165164947510E+00
    0.250000000000000309E-02   -0.494065645841246544-322    0.133684113621711731E+02    0.730651497840881348E+00    0.194337502121925354E+01    0.649737656116485596E+00
    0.250000000000000309E-02   -0.494065645841246544-322    0.574950635433197021E+01    0.704535293579101562E+01    0.148776352405548096E+01    0.474309980869293213E+00
    0.250000000000000309E-02   -0.494065645841246544-322    0.112100753188133240E+02    0.122132873535156250E+01    0.128522083163261414E+01    0.783820986747741699E+00
    0.250000000000000309E-02   -0.494065645841246544-322    0.133127582073211670E+02    0.144776850938796997E+01    0.937015265226364136E+00    0.681355953216552734E+00
    0.250000000000000309E-02   -0.494065645841246544-322    0.111932033300399780E+02    0.881089168787002563E+01    0.235215589404106140E+01    0.960906982421875000E+00
    0.250000000000000309E-02   -0.494065645841246544-322    0.132109031081199646E+02    0.110909664034843445E+02    0.223061382770538330E+01    0.456686317920684814E+00
    0.250000000000000309E-02   -0.494065645841246544-322    0.107872027158737183E+02    0.170264178514480591E+01    0.467218309640884399E+00    0.653367996215820312E+00
    0.250000000000000309E-02   -0.494065645841246544-322    0.124342024326324463E+02    0.994217234849929810E+01    0.849573314189910889E-01    0.620784938335418701E+00
    0.250000000000000309E-02   -0.494065645841246544-322    0.678474783897399902E+01    0.104614690542221069E+02    0.621913373470306396E-01    0.391634523868560791E+00
    0.250000000000000309E-02   -0.494065645841246544-322    0.776042193174362183E+01    0.103410115838050842E+02    0.238404616713523865E+01    0.979679882526397705E+00
    0.250000000000000309E-02   -0.494065645841246544-322    0.709482550621032715E+01    0.116790521144866943E+01    0.196602791547775269E+01    0.272871434688568115E+00
    0.250000000000000309E-02   -0.494065645841246544-322    0.835648030042648315E+01    0.139206457138061523E+01    0.183315038681030273E+01    0.831152498722076416E+00
    0.250000000000000309E-02   -0.494065645841246544-322    0.130690804123878479E+02    0.272632533311843872E+01    0.137470975518226624E+01    0.786095321178436279E+00
    0.250000000000000309E-02   -0.494065645841246544-322    0.388716816902160645E+01    0.860756057500839233E+01    0.948042571544647217E+00    0.468695104122161865E+00
    0.250000000000000309E-02   -0.494065645841246544-322    0.603109180927276611E+01    0.305225175619125366E+01    0.119727224111557007E+01    0.559860467910766602E-02
    0.250000000000000309E-02   -0.494065645841246544-322    0.106887781620025635E+02    0.128609908223152161E+02    0.949809998273849487E+00    0.195482730865478516E+00
    0.250000000000000309E-02   -0.494065645841246544-322    0.102685984969139099E+02    0.696422505378723145E+01    0.200403332710266113E+01    0.406176447868347168E-01
    0.250000000000000309E-02   -0.494065645841246544-322    0.484678030014038086E+01    0.937635612487792969E+01    0.150689080357551575E+01    0.779334664344787598E+00
    0.250000000000000309E-02   -0.494065645841246544-322    0.356129318475723267E+01    0.661120176315307617E+01    0.120126411318778992E+01    0.628252744674682617E+00
    0.250000000000000309E-02   -0.494065645841246544-322    0.606919616460800171E+01    0.720237296819686890E+01    0.101152777671813965E+01    0.282126784324645996E+00
    0.250000000000000309E-02   -0.494065645841246544-322    0.140943172574043274E+02    0.392492973804473877E+01    0.557423084974288940E+00    0.626635551452636719E-01
    0.250000000000000309E-02   -0.494065645841246544-322    0.347041636705398560E+01    0.547219806909561157E+01    0.277809798717498779E+00    0.355590879917144775E+00
    0.250000000000000309E-02   -0.494065645841246544-322    0.449167817831039429E+01    0.352423858642578125E+01    0.355913192033767700E+00    0.812501609325408936E+00
    0.250000000000000309E-02   -0.494065645841246544-322    0.906364113092422485E+01    0.169340467453002930E+01    0.127279713749885559E+01    0.937397360801696777E+00
    0.250000000000000309E-02   -0.494065645841246544-322    0.301949232816696167E+01    0.843547493219375610E+01    0.104738935828208923E+01    0.330431520938873291E+00
    0.250000000000000309E-02   -0.494065645841246544-322    0.630071640014648438E+01    0.425545805692672729E+01    0.136021539568901062E+01    0.171976268291473389E+00
    0.250000000000000309E-02   -0.494065645841246544-322    0.496253639459609985E+01    0.782616037130355835E+01    0.334302932024002075E+00    0.381425619125366211E-01
    0.250000000000000309E-02   -0.494065645841246544-322    0.924542069435119629E+01    0.519909465312957764E+01    0.232649445533752441E+01    0.799687564373016357E+00
    0.250000000000000309E-02   -0.494065645841246544-322    0.102743276953697205E+02    0.713116717338562012E+01    0.143508806824684143E+01    0.372318387031555176E+00
    0.250000000000000309E-02   -0.494065645841246544-322    0.133526623249053955E+00    0.281134611368179321E+01    0.113834410905838013E+01    0.260479569435119629E+00
    0.250000000000000309E-02   -0.494065645841246544-322    0.550297200679779053E+00    0.105498395562171936E+02    0.176983639597892761E+01    0.348812878131866455E+00
    0.250000000000000309E-02   -0.494065645841246544-322    0.902085185050964355E+01    0.573899412155151367E+01    0.768776684999465942E+00    0.654087245464324951E+00
    0.250000000000000309E-02   -0.494065645841246544-322    0.403266012668609619E+01    0.380518513917922974E+01    0.163442119956016541E+01    0.560076653957366943E+00
    0.250000000000000309E-02   -0.494065645841246544-322    0.707388460636138916E+01    0.125311668515205383E+02    0.197743788361549377E+01    0.188620865345001221E+00
    0.250000000000000309E-02   -0.494065645841246544-322    0.645381510257720947E+00    0.108381976485252380E+02    0.158903628587722778E+01    0.256711244583129883E+00
    0.250000000000000309E-02   -0.494065645841246544-322    0.442474812269210815E+01    0.594392377138137817E+01    0.169968053698539734E+01    0.231616497039794922E+00
    0.250000000000000309E-02   -0.494065645841246544-322    0.137497794628143311E+02    0.686058515310287476E+01    0.114704847335815430E+01    0.229735314846038818E+00
    0.250000000000000309E-02   -0.494065645841246544-322    0.185844987630844116E+01    0.541574251651763916E+01    0.171121805906295776E+00    0.269854068756103516E-02
    0.250000000000000309E-02   -0.494065645841246544-322    0.111490193009376526E+02    0.463673353195190430E+01    0.217695355415344238E+01    0.674726188182830811E+00
    0.250000000000000309E-02   -0.494065645841246544-322    0.251565277576446533E+00    0.120563727021217346E+02    0.205074384808540344E+01    0.801097869873046875E+00
    0.250000000000000309E-02   -0.494065645841246544-322    0.108946967124938965E+02    0.739441514015197754E+00    0.850967615842819214E+00    0.701462090015411377E+00
    0.250000000000000309E-02   -0.494065645841246544-322    0.735586971044540405E+01    0.412892955541610718E+01    0.169909730553627014E+01    0.190331280231475830E+00
    0.250000000000000309E-02   -0.494065645841246544-322    0.638245224952697754E+01    0.631033742427825928E+01    0.105523958802223206E+01    0.483737587928771973E-01
    0.250000000000000309E-02   -0.494065645841246544-322    0.468858182430267334E+00    0.293252265453338623E+01    0.167246460914611816E+01    0.753154039382934570E+00
    0.250000000000000309E-02   -0.494065645841246544-322    0.802738040685653687E+01    0.125300588011741638E+02    0.428238213062286377E+00    0.617497682571411133E+00
    0.250000000000000309E-02   -0.494065645841246544-322    0.213764280080795288E+01    0.113526220321655273E+02    0.565975457429885864E+00    0.720955729484558105E+00
    0.250000000000000309E-02   -0.494065645841246544-322    0.731108933687210083E+01    0.191001379489898682E+01    0.240350857377052307E+01    0.774797081947326660E+00
    0.250000000000000309E-02   -0.494065645841246544-322    0.145832598209381104E+01    0.409691929817199707E-01    0.186903178691864014E+00    0.169674158096313477E-01
    0.250000000000000309E-02   -0.494065645841246544-322    0.138101774454116821E+02    0.930278235673904419E+01    0.722119808197021484E+00    0.231647133827209473E+00
    0.250000000000000309E-02   -0.494065645841246544-322    0.357421696186065674E+01    0.129376159906387329E+02    0.132877752184867859E+01    0.842458367347717285E+00
    0.250000000000000309E-02   -0.494065645841246544-322    0.623834341764450073E+01    0.103456134796142578E+02    0.115828171372413635E+01    0.514569163322448730E+00
    0.250000000000000309E-02   -0.494065645841246544-322    0.373419106006622314E+01    0.390668642520904541E+01    0.864987373352050781E+00    0.889488458633422852E+00
    0.250000000000000309E-02   -0.494065645841246544-322    0.195964694023132324E+01    0.897181159257888794E+01    0.145319148898124695E+01    0.855549335479736328E+00
    0.250000000000000309E-02   -0.494065645841246544-322    0.995794504880905151E+01    0.301168394088745117E+01    0.411218553781509399E+00    0.506689548492431641E+00
    0.250000000000000309E-02   -0.494065645841246544-322    0.410248249769210815E+01    0.961335182189941406E+01    0.777608305215835571E+00    0.849205553531646729E+00
    0.250000000000000309E-02   -0.494065645841246544-322    0.199385225772857666E+01    0.675101912021636963E+01    0.227420911192893982E+01    0.160356521606445312E+00
    0.250000000000000309E-02   -0.494065645841246544-322    0.314405858516693115E+00    0.244710671901702881E+01    0.218353703618049622E+01    0.117460370063781738E+00
    0.250000000000000309E-02   -0.494065645841246544-322    0.805803894996643066E+01    0.116781253814697266E+02    0.224934816360473633E+00    0.836936652660369873E+00
    0.250000000000000309E-02   -0.494065645841246544-322    0.569802135229110718E+01    0.152197146415710449E+01    0.246015757322311401E+01    0.574707210063934326E+00
    0.250000000000000309E-02   -0.494065645841246544-322    0.901170551776885986E+01    0.469181525707244873E+01    0.231953799724578857E+01    0.561215162277221680E+00
    0.250000000000000309E-02   -0.494065645841246544-322    0.385485291481018066E+00    0.120355677008628845E+02    0.108408823609352112E+01    0.929813206195831299E+00
    0.250000000000000309E-02   -0.494065645841246544-322    0.132403448224067688E+02    0.552201539278030396E+01    0.151474446058273315E+01    0.781164407730102539E+00
    0.250000000000000309E-02   -0.494065645841246544-322    0.124416831135749817E+02    0.337270146608352661E+01    0.215771481394767761E+01    0.261873900890350342E+00
    0.250000000000000309E-02   -0.494065645841246544-322    0.147583428025245667E+02    0.647984588146209717E+01    0.119734838604927063E+01    0.437682390213012695E+00
    0.250000000000000309E-02   -0.494065645841246544-322    0.936064392328262329E+01    0.188354068994522095E+01    0.191102266311645508E+01    0.818973600864410400E+00
    0.250000000000000309E-02   -0.494065645841246544-322    0.588353991508483887E+01    0.282953363656997681E+01    0.349983125925064087E+00    0.766598701477050781E+00
    0.250000000000000309E-02   -0.494065645841246544-322    0.147984239459037781E+02    0.175537413358688354E+01    0.228492289781570435E+01    0.439899206161499023E+00
    0.250000000000000309E-02   -0.494065645841246544-322    0.139764931797981262E+02    0.448252469301223755E+01    0.588089972734451294E+00    0.567969739437103271E+00
    0.250000000000000309E-02   -0.494065645841246544-322    0.712457120418548584E+01    0.323342651128768921E+01    0.583840757608413696E+00    0.389391779899597168E+00
    0.250000000000000309E-02   -0.494065645841246544-322    0.119347402453422546E+02    0.107122340202331543E+02    0.117234855890274048E+01    0.971568822860717773E-01
    0.250000000000000309E-02   -0.494065645841246544-322    0.130903333425521851E+02    0.612188518047332764E+00    0.183212369680404663E+01    0.399914860725402832E+00
    0.250000000000000309E-02   -0.494065645841246544-322    0.406130164861679077E+01    0.425614458322525024E+01    0.437496006488800049E+00    0.722351610660552979E+00
    0.250000000000000309E-02   -0.494065645841246544-322    0.243071973323822021E+01    0.436321091651916504E+01    0.164850503206253052E+00    0.475901246070861816E+00
    0.250000000000000309E-02   -0.494065645841246544-322    0.123055404424667358E+02    0.922966033220291138E+01    0.244267433881759644E+00    0.167912840843200684E+00
    0.250000000000000309E-02   -0.494065645841246544-322    0.462732017040252686E+01    0.153646212816238403E+01    0.201470538973808289E+01    0.150671303272247314E+00
    0.250000000000000309E-02   -0.494065645841246544-322    0.198346227407455444E+01    0.108026617765426636E+02    0.231432989239692688E+01    0.537019610404968262E+00
    0.250000000000000309E-02   -0.494065645841246544-322    0.306018412113189697E+01    0.129271832704544067E+02    0.590935349464416504E+00    0.598933458328247070E+00
    0.250000000000000309E-02   -0.494065645841246544-322    0.260375708341598511E+01    0.414348840713500977E+00    0.688564777374267578E-01    0.771673679351806641E+00
    0.250000000000000309E-02   -0.494065645841246544-322    0.141283741593360901E+02    0.506222563982009888E+01    0.343056619167327881E+00    0.479252219200134277E+00
    0.250000000000000309E-02   -0.494065645841246544-322    0.120987376570701599E+02    0.878403192758560181E+01    0.115417897701263428E+01    0.460676312446594238E+00
    0.250000000000000309E-02   -0.494065645841246544-322    0.930343598127365112E+01    0.646580773591995239E+01    0.236824467778205872E+01    0.358398377895355225E+00
    0.250000000000000309E-02   -0.494065645841246544-322    0.973073959350585938E+01    0.234290349483489990E+01    0.269916653633117676E+00    0.368123590946197510E+00
    0.250000000000000309E-02   -0.494065645841246544-322    0.751670032739639282E+01    0.467613983154296875E+01    0.185860306024551392E+01    0.378970026969909668E+00
    0.250000000000000309E-02   -0.494065645841246544-322    0.121587216854095459E+01    0.756346333026885986E+01    0.248558670282363892E+00    0.278049111366271973E-01
    0.250000000000000309E-02   -0.494065645841246544-322    0.759225726127624512E+01    0.987837189435958862E+01    0.814589112997055054E+00    0.479155182838439941E-01
    0.250000000000000309E-02   -0.494065645841246544-322    0.956651329994201660E+01    0.613894528150558472E+01    0.153062850236892700E+01    0.253942251205444336E+00
    0.250000000000000309E-02   -0.494065645841246544-322    0.211966305971145630E+01    0.618289536237716675E+01    0.228580772876739502E+01    0.226383030414581299E+00
    0.250000000000000309E-02   -0.494065645841246544-322    0.110906177759170532E+02    0.767381274700164795E+01    0.172993525862693787E+01    0.342720389366149902E+00
    0.250000000000000309E-02   -0.494065645841246544-322    0.113803741335868835E+02    0.314252454042434692E+01    0.854174494743347168E+00    0.967496156692504883E+00
