

    0.249999999999997316E-02   -0.494065645841246544-322    0.596597492694854736E+01    0.148569250106811523E+01    0.642354786396026611E-01    0.253966689109802246E+00
    0.249999999999997316E-02   -0.494065645841246544-322    0.147504079341888428E+02    0.874990320205688477E+01    0.216169744729995728E+01    0.253417074680328369E+00
    0.249999999999997316E-02   -0.494065645841246544-322    0.617944121360778809E+01    0.101660132408142090E+01    0.775832235813140869E+00    0.814401805400848389E+00
    0.249999999999997316E-02   -0.494065645841246544-322    0.112266665697097778E+02    0.438155418634414673E+01    0.249668359756469727E+00    0.882902026176452637E+00
    0.249999999999997316E-02   -0.494065645841246544-322    0.148549488186836243E+02    0.981982111930847168E+01    0.189285755157470703E+01    0.624092757701873779E+00
    0.249999999999997316E-02   -0.494065645841246544-322    0.411814481019973755E+01    0.583943462371826172E+01    0.230197757482528687E+00    0.794755935668945312E+00
    0.249999999999997316E-02   -0.494065645841246544-322    0.288315117359161377E+01    0.554644519090652466E+01    0.209606587886810303E+01    0.851900398731231689E+00
    0.249999999999997316E-02   -0.494065645841246544-322    0.249115973711013794E+01    0.370524442195892334E+01    0.218219786882400513E+01    0.101544737815856934E+00
    0.249999999999997316E-02   -0.494065645841246544-322    0.264648199081420898E+01    0.695547455549240112E+01    0.970050692558288574E-02    0.803741931915283203E+00
    0.249999999999997316E-02   -0.494065645841246544-322    0.892650961875915527E+01    0.621064543724060059E+00    0.614428669214248657E+00    0.962701380252838135E+00
    0.249999999999997316E-02   -0.494065645841246544-322    0.164703726768493652E+01    0.128249311447143555E+01    0.245007097721099854E+01    0.182449817657470703E+00
    0.249999999999997316E-02   -0.494065645841246544-322    0.119155588746070862E+02    0.362238162755966187E+01    0.168062120676040649E+01    0.770733773708343506E+00
    0.249999999999997316E-02   -0.494065645841246544-322    0.379044413566589355E+01    0.495261311531066895E+01    0.206241086125373840E+01    0.736934483051300049E+00
    0.249999999999997316E-02   -0.494065645841246544-322    0.847728073596954346E+01    0.296450734138488770E+00    0.122798398137092590E+01    0.341899394989013672E+00
    0.249999999999997316E-02   -0.494065645841246544-322    0.125442811846733093E+02    0.945773273706436157E+01    0.325462520122528076E+00    0.222637474536895752E+00
    0.249999999999997316E-02   -0.494065645841246544-322    0.115780493617057800E+02    0.106603354215621948E+01    0.137935295701026917E+01    0.231330990791320801E-01
    0.249999999999997316E-02   -0.494065645841246544-322    0.217379271984100342E+01    0.517873597145080566E+01    0.111471235752105713E+01    0.249597370624542236E+00
    0.249999999999997316E-02   -0.494065645841246544-322    0.489569216966629028E+01    0.458675503730773926E+01    0.242307350039482117E+01    0.927250802516937256E+00
    0.249999999999997316E-02   -0.494065645841246544-322    0.102133780717849731E+01    0.199342519044876099E+01    0.152648225426673889E+01    0.992877006530761719E+00
    0.249999999999997316E-02   -0.494065645841246544-322    0.623412251472473145E+01    0.105079606771469116E+02    0.191950500011444092E+00    0.383630514144897461E+00
    0.249999999999997316E-02   -0.494065645841246544-322    0.511695742607116699E+00    0.101578764319419861E+02    0.222113400697708130E+01    0.393223762512207031E-02
    0.249999999999997316E-02   -0.494065645841246544-322    0.151748567819595337E+01    0.125860633850097656E+02    0.296405553817749023E+00    0.633623063564300537E+00
    0.249999999999997316E-02   -0.494065645841246544-322    0.148434063792228699E+02    0.108967677950859070E+02    0.217418164014816284E+01    0.740148782730102539E+00
    0.249999999999997316E-02   -0.494065645841246544-322    0.142281541228294373E+02    0.115927202701568604E+02    0.437250733375549316E+00    0.734264314174652100E+00
    0.249999999999997316E-02   -0.494065645841246544-322    0.876832008361816406E+00    0.183276796340942383E+01    0.150807946920394897E+00    0.380445599555969238E+00
    0.249999999999997316E-02   -0.494065645841246544-322    0.391858667135238647E+01    0.481108874082565308E+01    0.122394487261772156E+01    0.521018624305725098E+00
    0.249999999999997316E-02   -0.494065645841246544-322    0.611952602863311768E+01    0.114648163914680481E+02    0.229782044887542725E+01    0.150241911411285400E+00
    0.249999999999997316E-02   -0.494065645841246544-322    0.109238943457603455E+02    0.904545897245407104E+01    0.869847834110260010E+00    0.298521757125854492E+00
    0.249999999999997316E-02   -0.494065645841246544-322    0.346408545970916748E+01    0.187352716922760010E+01    0.154532402753829956E+01    0.969056367874145508E+00
    0.249999999999997316E-02   -0.494065645841246544-322    0.265141099691390991E+01    0.242073744535446167E+01    0.237523779273033142E+01    0.898816525936126709E+00
    0.249999999999997316E-02   -0.494065645841246544-322    0.813998937606811523E+01    0.525403380393981934E+00    0.220609039068222046E+01    0.718986034393310547E+00
    0.249999999999997316E-02   -0.494065645841246544-322    0.477325826883316040E+01    0.114430211186408997E+02    0.128050714731216431E+01    0.273143887519836426E+00
    0.249999999999997316E-02   -0.494065645841246544-322    0.598017811775207520E+01    0.787290459871292114E+01    0.844797044992446899E+00    0.343654930591583252E+00
    0.249999999999997316E-02   -0.494065645841246544-322    0.419440716505050659E+01    0.840353518724441528E+01    0.111621901392936707E+01    0.981223940849304199E+00
    0.249999999999997316E-02   -0.494065645841246544-322    0.184419393539428711E+01    0.109112987518310547E+02    0.202618554234504700E+01    0.110863149166107178E+00
    0.249999999999997316E-02   -0.494065645841246544-322    0.807606160640716553E+01    0.371023297309875488E+00    0.375732779502868652E-02    0.199204981327056885E+00
    0.249999999999997316E-02   -0.494065645841246544-322    0.120501163601875305E+02    0.105185499191284180E+02    0.120112001895904541E+01    0.906663060188293457E+00
    0.249999999999997316E-02   -0.494065645841246544-322    0.138590928912162781E+02    0.891786813735961914E-02    0.226280272006988525E+01    0.658594965934753418E-01
    0.249999999999997316E-02   -0.494065645841246544-322    0.636115461587905884E+01    0.950101101398468018E+01    0.145140677690505981E+01    0.597442746162414551E+00
    0.249999999999997316E-02   -0.494065645841246544-322    0.464367359876632690E+01    0.930556875467300415E+01    0.230040833353996277E+01    0.214164555072784424E+00
    0.249999999999997316E-02   -0.494065645841246544-322    0.571273058652877808E+01    0.108333361744880676E+02    0.840205252170562744E+00    0.107525050640106201E+00
    0.249999999999997316E-02   -0.494065645841246544-322    0.542601943016052246E+01    0.124641088843345642E+02    0.186650604009628296E+00    0.347233414649963379E+00
    0.249999999999997316E-02   -0.494065645841246544-322    0.340127885341644287E+01    0.886731159687042236E+01    0.126800194382667542E+01    0.449542999267578125E+00
    0.249999999999997316E-02   -0.494065645841246544-322    0.148150688409805298E+02    0.570823138952255249E+01    0.199472039937973022E+01    0.549634277820587158E+00
    0.249999999999997316E-02   -0.494065645841246544-322    0.172523438930511475E+01    0.802874141931533813E+01    0.203828081488609314E+01    0.707295477390289307E+00
    0.249999999999997316E-02   -0.494065645841246544-322    0.127918794751167297E+02    0.505676907300949097E+01    0.158865466713905334E+01    0.337663352489471436E+00
    0.249999999999997316E-02   -0.494065645841246544-322    0.222328573465347290E+01    0.782823622226715088E+01    0.150071933865547180E+01    0.238264858722686768E+00
    0.249999999999997316E-02   -0.494065645841246544-322    0.822141587734222412E+01    0.650762617588043213E+01    0.123447358608245850E+01    0.288245677947998047E-01
    0.249999999999997316E-02   -0.494065645841246544-322    0.112563094496726990E+02    0.473408931493759155E+01    0.112608909606933594E+01    0.323261380195617676E+00
    0.249999999999997316E-02   -0.494065645841246544-322    0.492260903120040894E+01    0.534288471937179565E+01    0.947564691305160522E+00    0.838870882987976074E+00
    0.249999999999997316E-02   -0.494065645841246544-322    0.809569358825683594E+00    0.672926801443099976E+01    0.248115122318267822E+01    0.660813093185424805E+00
    0.249999999999997316E-02   -0.494065645841246544-322    0.608726531267166138E+01    0.117252229452133179E+02    0.218573734164237976E+01    0.623869180679321289E+00
    0.249999999999997316E-02   -0.494065645841246544-322    0.418408423662185669E+01    0.132870346307754517E+01    0.242259994149208069E+01    0.701568186283111572E+00
    0.249999999999997316E-02   -0.494065645841246544-322    0.925117850303649902E+01    0.175741821527481079E+01    0.161697566509246826E+00    0.383168458938598633E-01
    0.249999999999997316E-02   -0.494065645841246544-322    0.111160477995872498E+02    0.397759079933166504E+00    0.132656663656234741E+01    0.830764710903167725E+00
    0.249999999999997316E-02   -0.494065645841246544-322    0.728355824947357178E+01    0.300567102432250977E+01    0.742403715848922729E+00    0.391962587833404541E+00
    0.249999999999997316E-02   -0.494065645841246544-322    0.111152082681655884E+01    0.121455544829368591E+02    0.245923936367034912E+01    0.859646797180175781E-01
    0.249999999999997316E-02   -0.494065645841246544-322    0.101266247034072876E+02    0.811213731765747070E+00    0.200653940439224243E+01    0.908759236335754395E-01
    0.249999999999997316E-02   -0.494065645841246544-322    0.933000773191452026E+01    0.631216764450073242E-01    0.178452163934707642E+01    0.666360616683959961E+00
    0.249999999999997316E-02   -0.494065645841246544-322    0.113194558024406433E+02    0.116141955256462097E+02    0.859116315841674805E+00    0.800487577915191650E+00
    0.249999999999997316E-02   -0.494065645841246544-322    0.105727270245552063E+02    0.143192493915557861E+01    0.187222570180892944E+01    0.962030887603759766E-02
    0.249999999999997316E-02   -0.494065645841246544-322    0.239310353994369507E+01    0.933235025405883789E+01    0.183102920651435852E+01    0.163587212562561035E+00
    0.249999999999997316E-02   -0.494065645841246544-322    0.121038106083869934E+02    0.119420397281646729E+02    0.980236381292343140E+00    0.198013544082641602E+00
    0.249999999999997316E-02   -0.494065645841246544-322    0.556483179330825806E+01    0.114991698265075684E+02    0.346153974533081055E-02    0.596212029457092285E+00
    0.249999999999997316E-02   -0.494065645841246544-322    0.377168387174606323E+01    0.249891000986099243E+01    0.601925253868103027E+00    0.150329232215881348E+00
    0.249999999999997316E-02   -0.494065645841246544-322    0.413604766130447388E+01    0.516146200895309448E+01    0.157547146081924438E+00    0.894920051097869873E+00
    0.249999999999997316E-02   -0.494065645841246544-322    0.503199219703674316E+01    0.182121324539184570E+01    0.167205095291137695E+01    0.241200566291809082E+00
    0.249999999999997316E-02   -0.494065645841246544-322    0.103083559870719910E+02    0.771310359239578247E+01    0.905506908893585205E+00    0.726982772350311279E+00
    0.249999999999997316E-02   -0.494065645841246544-322    0.717181116342544556E+01    0.773986572027206421E+01    0.372219532728195190E+00    0.164095520973205566E+00
    0.249999999999997316E-02   -0.494065645841246544-322    0.377372860908508301E+01    0.914409017562866211E+01    0.343705564737319946E+00    0.825656354427337646E+00
    0.249999999999997316E-02   -0.494065645841246544-322    0.829373627901077271E+01    0.229282116889953613E+01    0.243714883923530579E+01    0.955732047557830811E+00
    0.249999999999997316E-02   -0.494065645841246544-322    0.366035163402557373E+01    0.108824406266212463E+02    0.183068349957466125E+01    0.648763775825500488E-01
    0.249999999999997316E-02   -0.494065645841246544-322    0.691975772380828857E+01    0.127908682823181152E+02    0.282769650220870972E+00    0.607069969177246094E+00
    0.249999999999997316E-02   -0.494065645841246544-322    0.398542284965515137E+00    0.471000665426254272E+01    0.195014819502830505E+01    0.538343966007232666E+00
    0.249999999999997316E-02   -0.494065645841246544-322    0.933781296014785767E+01    0.110930073857307434E+02    0.242144763469696045E+01    0.370909571647644043E+00
    0.249999999999997316E-02   -0.494065645841246544-322    0.138467288017272949E+02    0.881828695535659790E+01    0.181148454546928406E+01    0.384294331073760986E+00
    0.249999999999997316E-02   -0.494065645841246544-322    0.337983012199401855E+01    0.761132723093032837E+01    0.186933860182762146E+01    0.517287015914916992E+00
    0.249999999999997316E-02   -0.494065645841246544-322    0.103626090288162231E+02    0.126719388365745544E+02    0.124407187104225159E+01    0.449264347553253174E+00
    0.249999999999997316E-02   -0.494065645841246544-322    0.286441683769226074E+01    0.809494626522064209E+01    0.186248242855072021E+01    0.902767539024353027E+00
    0.249999999999997316E-02   -0.494065645841246544-322    0.101739898324012756E+02    0.651318037509918213E+01    0.274485796689987183E+00    0.736620843410491943E+00
    0.249999999999997316E-02   -0.494065645841246544-322    0.143287834525108337E+02    0.906338304281234741E+01    0.122748211026191711E+01    0.867453336715698242E+00
    0.249999999999997316E-02   -0.494065645841246544-322    0.139799040555953979E+02    0.725231814384460449E+01    0.164145231246948242E+00    0.844354629516601562E+00
    0.249999999999997316E-02   -0.494065645841246544-322    0.124584531784057617E+02    0.953867387771606445E+01    0.855112075805664062E+00    0.391960442066192627E+00
    0.249999999999997316E-02   -0.494065645841246544-322    0.597622454166412354E+01    0.507926017045974731E+01    0.576250404119491577E+00    0.907162427902221680E-01
    0.249999999999997316E-02   -0.494065645841246544-322    0.516134798526763916E+01    0.112275347709655762E+02    0.912560820579528809E+00    0.297751247882843018E+00
    0.249999999999997316E-02   -0.494065645841246544-322    0.367743909358978271E+01    0.881090873479843140E+01    0.102101057767868042E+01    0.356311678886413574E+00
    0.249999999999997316E-02   -0.494065645841246544-322    0.438127309083938599E+01    0.844941079616546631E+01    0.196539655327796936E+01    0.593563020229339600E+00
    0.249999999999997316E-02   -0.494065645841246544-322    0.104691132903099060E+02    0.717145758867263794E+01    0.174674719572067261E+01    0.662984430789947510E+00
    0.249999999999997316E-02   -0.494065645841246544-322    0.130827873945236206E+01    0.127406999468803406E+02    0.158783525228500366E+01    0.346104085445404053E+00
    0.249999999999997316E-02   -0.494065645841246544-322    0.503153711557388306E+01    0.110829690694808960E+02    0.201047793030738831E+01    0.418620467185974121E+00
    0.249999999999997316E-02   -0.494065645841246544-322    0.139208704233169556E+02    0.109021724462509155E+02    0.490770339965820312E+00    0.572967767715454102E+00
    0.249999999999997316E-02   -0.494065645841246544-322    0.827498137950897217E+01    0.581707292795181274E+01    0.204373747110366821E+01    0.202827334403991699E+00
    0.249999999999997316E-02   -0.494065645841246544-322    0.245436787605285645E+01    0.152908545732498169E+01    0.428855717182159424E+00    0.679920911788940430E+00
    0.249999999999997316E-02   -0.494065645841246544-322    0.327952712774276733E+01    0.105942599773406982E+02    0.725966393947601318E+00    0.450068116188049316E+00
    0.249999999999997316E-02   -0.494065645841246544-322    0.969851821660995483E+01    0.116257355213165283E+02    0.154026433825492859E+01    0.734623730182647705E+00
    0.249999999999997316E-02   -0.494065645841246544-322    0.546487390995025635E+01    0.581323504447937012E-01    0.500206202268600464E+00    0.404430210590362549E+00
    0.249999999999997316E-02   -0.494065645841246544-322    0.343470811843872070E+01    0.854646825790405273E+01    0.185853511095046997E+01    0.673761785030364990E+00
    0.249999999999997316E-02   -0.494065645841246544-322    0.136948075890541077E+02    0.103920446634292603E+02    0.185649394989013672E+00    0.996588826179504395E+00
    0.249999999999997316E-02   -0.494065645841246544-322    0.895016223192214966E+01    0.815944874286651611E+01    0.101025030016899109E+01    0.617924332618713379E+00
    0.249999999999997316E-02   -0.494065645841246544-322    0.149742990732192993E+01    0.168440467119216919E+01    0.111303910613059998E+01    0.577684938907623291E+00
    0.249999999999997316E-02   -0.494065645841246544-322    0.462429285049438477E+01    0.838174921274185181E+01    0.126787573099136353E+01    0.717119574546813965E-01
    0.249999999999997316E-02   -0.494065645841246544-322    0.118367698788642883E+02    0.114424802660942078E+02    0.600992143154144287E-01    0.527693867683410645E+00
    0.249999999999997316E-02   -0.494065645841246544-322    0.116382122039794922E+02    0.101050441265106201E+02    0.104387938976287842E+01    0.274271249771118164E+00
    0.249999999999997316E-02   -0.494065645841246544-322    0.115464162826538086E+02    0.483328849077224731E+01    0.265644490718841553E-01    0.880028545856475830E+00
    0.249999999999997316E-02   -0.494065645841246544-322    0.113811117410659790E+02    0.791771167516708374E+01    0.946947932243347168E+00    0.542828202247619629E+00
    0.249999999999997316E-02   -0.494065645841246544-322    0.667761325836181641E+01    0.944738835096359253E+01    0.230607852339744568E+01    0.611580431461334229E+00
    0.249999999999997316E-02   -0.494065645841246544-322    0.138627147674560547E+02    0.996494859457015991E+01    0.237439423799514771E+00    0.383059680461883545E+00
    0.249999999999997316E-02   -0.494065645841246544-322    0.101307597756385803E+02    0.853017914295196533E+01    0.187392383813858032E+00    0.553321838378906250E-01
    0.249999999999997316E-02   -0.494065645841246544-322    0.358967810869216919E+01    0.283812528848648071E+01    0.214413374662399292E+01    0.952854037284851074E+00
    0.249999999999997316E-02   -0.494065645841246544-322    0.116587883234024048E+02    0.602538251876831055E+01    0.653127580881118774E+00    0.304277241230010986E+00
    0.249999999999997316E-02   -0.494065645841246544-322    0.307145923376083374E+01    0.453158032894134521E+01    0.403140187263488770E+00    0.113452255725860596E+00
    0.249999999999997316E-02   -0.494065645841246544-322    0.780555635690689087E+01    0.761138999462127686E+01    0.733509957790374756E+00    0.257851183414459229E+00
    0.249999999999997316E-02   -0.494065645841246544-322    0.121345058083534241E+02    0.105393890142440796E+02    0.773691534996032715E+00    0.651065886020660400E+00
    0.249999999999997316E-02   -0.494065645841246544-322    0.981329619884490967E+01    0.256670564413070679E+01    0.222306028008460999E+01    0.101403236389160156E+00
    0.249999999999997316E-02   -0.494065645841246544-322    0.724374890327453613E+01    0.176782691478729248E+01    0.165109261870384216E+01    0.145908355712890625E+00
    0.249999999999997316E-02   -0.494065645841246544-322    0.103607600927352905E+02    0.108332090973854065E+02    0.511438250541687012E+00    0.612046718597412109E+00
    0.249999999999997316E-02   -0.494065645841246544-322    0.709855914115905762E+01    0.918173986673355103E+01    0.343782305717468262E+00    0.833016633987426758E-02
    0.249999999999997316E-02   -0.494065645841246544-322    0.131661200523376465E+02    0.627774059772491455E+00    0.103648230433464050E+01    0.548509597778320312E+00
    0.249999999999997316E-02   -0.494065645841246544-322    0.182097047567367554E+01    0.113573789000511169E+02    0.108444437384605408E+01    0.799156606197357178E+00
    0.249999999999997316E-02   -0.494065645841246544-322    0.632566988468170166E+01    0.130946135520935059E+01    0.329965949058532715E+00    0.759177803993225098E-01
    0.249999999999997316E-02   -0.494065645841246544-322    0.115807735919952393E+02    0.652234852313995361E+01    0.961593240499496460E+00    0.428109407424926758E+00
    0.249999999999997316E-02   -0.494065645841246544-322    0.709651976823806763E+01    0.215027475357055664E+01    0.241205230355262756E+01    0.414031744003295898E-02
    0.249999999999997316E-02   -0.494065645841246544-322    0.255785554647445679E+01    0.109893147945404053E+02    0.169866830110549927E+01    0.387700438499450684E+00
    0.249999999999997316E-02   -0.494065645841246544-322    0.858429640531539917E+01    0.125529954433441162E+02    0.772456526756286621E+00    0.709610402584075928E+00
    0.249999999999997316E-02   -0.494065645841246544-322    0.133626204729080200E+02    0.281431150436401367E+01    0.194032937288284302E+01    0.663540303707122803E+00
    0.249999999999997316E-02   -0.494065645841246544-322    0.122027644515037537E+02    0.153069484233856201E+01    0.123625665903091431E+01    0.728282034397125244E+00
    0.249999999999997316E-02   -0.494065645841246544-322    0.831379204988479614E+01    0.891519719362258911E+01    0.978003591299057007E+00    0.927541971206665039E+00
    0.249999999999997316E-02   -0.494065645841246544-322    0.131267407536506653E+02    0.265569293498992920E+01    0.145882844924926758E+01    0.647340059280395508E+00
    0.249999999999997316E-02   -0.494065645841246544-322    0.435670316219329834E+00    0.868213081359863281E+01    0.611839294433593750E+00    0.587775230407714844E+00
    0.249999999999997316E-02   -0.494065645841246544-322    0.246877849102020264E+01    0.621624380350112915E+01    0.130912303924560547E+01    0.376176714897155762E+00
    0.249999999999997316E-02   -0.494065645841246544-322    0.723358869552612305E+01    0.110096812248229980E+01    0.177117019891738892E+01    0.659007191658020020E+00
    0.249999999999997316E-02   -0.494065645841246544-322    0.104263660311698914E+02    0.336781209707260132E+01    0.756876915693283081E+00    0.834405601024627686E+00
    0.249999999999997316E-02   -0.494065645841246544-322    0.130557945370674133E+02    0.428178548812866211E+01    0.109740719199180603E+01    0.974885702133178711E+00
    0.249999999999997316E-02   -0.494065645841246544-322    0.958366692066192627E+01    0.100043479204177856E+02    0.151952236890792847E+01    0.485045015811920166E+00
    0.249999999999997316E-02   -0.494065645841246544-322    0.112578740715980530E+02    0.365656381845474243E+01    0.187448695302009583E+01    0.313283979892730713E+00
    0.249999999999997316E-02   -0.494065645841246544-322    0.278059065341949463E+01    0.131235080957412720E+01    0.732840597629547119E+00    0.780348181724548340E-01
    0.249999999999997316E-02   -0.494065645841246544-322    0.652359366416931152E+01    0.787162065505981445E+00    0.219931870698928833E+01    0.257835447788238525E+00
    0.249999999999997316E-02   -0.494065645841246544-322    0.106892770528793335E+02    0.773754036426544189E+01    0.702651143074035645E+00    0.383602142333984375E+00
    0.249999999999997316E-02   -0.494065645841246544-322    0.299230545759201050E+01    0.121052222251892090E+02    0.109505966305732727E+01    0.794928908348083496E+00
    0.249999999999997316E-02   -0.494065645841246544-322    0.117914181947708130E+02    0.976368325948715210E+01    0.196480214595794678E+01    0.569717168807983398E+00
    0.249999999999997316E-02   -0.494065645841246544-322    0.135265025496482849E+02    0.238172942399978638E+01    0.103377908468246460E+01    0.191375374794006348E+00
    0.249999999999997316E-02   -0.494065645841246544-322    0.147375431656837463E+02    0.837358683347702026E+01    0.350624620914459229E+00    0.124542176723480225E+00
    0.249999999999997316E-02   -0.494065645841246544-322    0.125618353486061096E+02    0.781426703929901123E+01    0.697069615125656128E+00    0.826673507690429688E+00
    0.249999999999997316E-02   -0.494065645841246544-322    0.127194643020629883E+01    0.378944152593612671E+01    0.127791970968246460E+01    0.806473374366760254E+00
    0.249999999999997316E-02   -0.494065645841246544-322    0.632609456777572632E+01    0.282405382394790649E+01    0.194372802972793579E+01    0.297465741634368896E+00
    0.249999999999997316E-02   -0.494065645841246544-322    0.628594726324081421E+01    0.605156660079956055E+01    0.182866424322128296E+01    0.301249086856842041E+00
    0.249999999999997316E-02   -0.494065645841246544-322    0.104138982295989990E+02    0.651289135217666626E+01    0.225087255239486694E+01    0.683864951133728027E+00
    0.249999999999997316E-02   -0.494065645841246544-322    0.737138897180557251E+01    0.183403640985488892E+01    0.642080605030059814E-01    0.790415942668914795E+00
    0.249999999999997316E-02   -0.494065645841246544-322    0.129522049427032471E+02    0.219563120603561401E+01    0.167332246899604797E+01    0.454906642436981201E+00
    0.249999999999997316E-02   -0.494065645841246544-322    0.310270786285400391E+00    0.108649791479110718E+02    0.233652457594871521E+01    0.271472036838531494E+00
    0.249999999999997316E-02   -0.494065645841246544-322    0.146578878164291382E+02    0.710427486896514893E+01    0.926514863967895508E+00    0.854525506496429443E+00
    0.249999999999997316E-02   -0.494065645841246544-322    0.448880195617675781E+01    0.578419250249862671E+01    0.590997934341430664E-01    0.639448106288909912E+00
    0.249999999999997316E-02   -0.494065645841246544-322    0.129627656936645508E+02    0.112912809848785400E+01    0.966013371944427490E+00    0.859261989593505859E+00
    0.249999999999997316E-02   -0.494065645841246544-322    0.207839816808700562E+01    0.650076866149902344E+00    0.193346053361892700E+01    0.913351774215698242E-02
    0.249999999999997316E-02   -0.494065645841246544-322    0.112216606736183167E+02    0.119261419177055359E+02    0.423369109630584717E+00    0.850001573562622070E+00
    0.249999999999997316E-02   -0.494065645841246544-322    0.709887027740478516E+01    0.205418199300765991E+01    0.132141262292861938E+01    0.143882751464843750E+00
    0.249999999999997316E-02   -0.494065645841246544-322    0.550557464361190796E+01    0.102204378843307495E+02    0.989970564842224121E+00    0.461381793022155762E+00
    0.249999999999997316E-02   -0.494065645841246544-322    0.100194007158279419E+02    0.289172857999801636E+01    0.248561233282089233E+01    0.189879715442657471E+00
    0.249999999999997316E-02   -0.494065645841246544-322    0.279729992151260376E+01    0.263223403692245483E+01    0.155042871832847595E+01    0.720802307128906250E+00
    0.249999999999997316E-02   -0.494065645841246544-322    0.384907275438308716E+01    0.182258552312850952E+01    0.915812253952026367E+00    0.436042129993438721E+00
    0.249999999999997316E-02   -0.494065645841246544-322    0.920486748218536377E+00    0.844654226303100586E+01    0.127235084772109985E+01    0.484800636768341064E+00
    0.249999999999997316E-02   -0.494065645841246544-322    0.126942810416221619E+02    0.621404474973678589E+01    0.226341947913169861E+01    0.324087440967559814E+00
    0.249999999999997316E-02   -0.494065645841246544-322    0.970669895410537720E+01    0.234330022335052490E+01    0.497215092182159424E+00    0.910020112991333008E+00
    0.249999999999997316E-02   -0.494065645841246544-322    0.637564659118652344E+00    0.112664079666137695E+02    0.150770470499992371E+01    0.723632395267486572E+00
    0.249999999999997316E-02   -0.494065645841246544-322    0.522516131401062012E+01    0.118751313090324402E+02    0.579996109008789062E+00    0.308732867240905762E+00
    0.249999999999997316E-02   -0.494065645841246544-322    0.716153919696807861E+01    0.673683995008468628E+01    0.203975290060043335E+00    0.262146711349487305E+00
    0.249999999999997316E-02   -0.494065645841246544-322    0.760556280612945557E+01    0.883450323343276978E+01    0.220864832401275635E+01    0.599730849266052246E+00
    0.249999999999997316E-02   -0.494065645841246544-322    0.754768699407577515E+01    0.886252140998840332E+01    0.115267723798751831E+01    0.910850167274475098E+00
    0.249999999999997316E-02   -0.494065645841246544-322    0.889007538557052612E+01    0.505016028881072998E+00    0.175551876425743103E+01    0.859490752220153809E+00
    0.249999999999997316E-02   -0.494065645841246544-322    0.128975710272789001E+02    0.990391671657562256E+00    0.236785247921943665E+01    0.241970658302307129E+00
    0.249999999999997316E-02   -0.494065645841246544-322    0.127390095591545105E+02    0.488131433725357056E+01    0.263274461030960083E+00    0.942268252372741699E+00
    0.249999999999997316E-02   -0.494065645841246544-322    0.706324785947799683E+01    0.782850974798202515E+01    0.220984414219856262E+01    0.488339126110076904E+00
    0.249999999999997316E-02   -0.494065645841246544-322    0.883131891489028931E+01    0.641342484951019287E+01    0.172465160489082336E+01    0.328001022338867188E+00
    0.249999999999997316E-02   -0.494065645841246544-322    0.739616543054580688E+01    0.450301277637481689E+01    0.144229859113693237E+01    0.568622887134552002E+00
    0.249999999999997316E-02   -0.494065645841246544-322    0.271742373704910278E+01    0.127691876888275146E+01    0.237802028656005859E+01    0.276824831962585449E-01
    0.249999999999997316E-02   -0.494065645841246544-322    0.377345412969589233E+01    0.323799741268157959E+01    0.168110191822052002E+01    0.928037762641906738E+00
    0.249999999999997316E-02   -0.494065645841246544-322    0.825449377298355103E+01    0.714282107353210449E+01    0.195544153451919556E+01    0.874598920345306396E+00
    0.249999999999997316E-02   -0.494065645841246544-322    0.969608366489410400E+01    0.496066004037857056E+01    0.133230656385421753E+01    0.841576993465423584E+00
    0.249999999999997316E-02   -0.494065645841246544-322    0.358094841241836548E+01    0.107463658452033997E+02    0.231485843658447266E+01    0.904304325580596924E+00
    0.249999999999997316E-02   -0.494065645841246544-322    0.306349843740463257E+01    0.981639933586120605E+01    0.191196754574775696E+01    0.309826552867889404E+00
    0.249999999999997316E-02   -0.494065645841246544-322    0.116546380519866943E+02    0.462733989953994751E+01    0.816864371299743652E+00    0.196259438991546631E+00
    0.249999999999997316E-02   -0.494065645841246544-322    0.119618564844131470E+01    0.750724953413009644E+01    0.183721587061882019E+01    0.732390224933624268E+00
    0.249999999999997316E-02   -0.494065645841246544-322    0.588831692934036255E+01    0.302712768316268921E+01    0.197004750370979309E+01    0.808960437774658203E+00
    0.249999999999997316E-02   -0.494065645841246544-322    0.434025228023529053E+01    0.747560501098632812E+00    0.999547094106674194E+00    0.658813893795013428E+00
    0.249999999999997316E-02   -0.494065645841246544-322    0.139375135302543640E+02    0.505000996589660645E+01    0.108478948473930359E+01    0.516626179218292236E+00
    0.249999999999997316E-02   -0.494065645841246544-322    0.128444615006446838E+02    0.117287121415138245E+02    0.637440234422683716E+00    0.987240314483642578E+00
    0.249999999999997316E-02   -0.494065645841246544-322    0.830308020114898682E+01    0.121633832454681396E+02    0.842762291431427002E+00    0.712670683860778809E+00
    0.249999999999997316E-02   -0.494065645841246544-322    0.135251507163047791E+02    0.247605085372924805E+01    0.229991599917411804E+01    0.102955579757690430E+00
    0.249999999999997316E-02   -0.494065645841246544-322    0.202049195766448975E+01    0.973043400049209595E+01    0.477205961942672729E+00    0.994845747947692871E+00
    0.249999999999997316E-02   -0.494065645841246544-322    0.987449616193771362E+01    0.519674527645111084E+01    0.997575968503952026E+00    0.261229515075683594E+00
    0.249999999999997316E-02   -0.494065645841246544-322    0.135077351331710815E+02    0.122391769886016846E+02    0.182486683130264282E+01    0.834898769855499268E+00
    0.249999999999997316E-02   -0.494065645841246544-322    0.147969290614128113E+02    0.112547990083694458E+02    0.183096408843994141E+01    0.625643193721771240E+00
    0.249999999999997316E-02   -0.494065645841246544-322    0.408990740776062012E+01    0.182470089197158813E+01    0.145868912339210510E+01    0.657615721225738525E+00
    0.249999999999997316E-02   -0.494065645841246544-322    0.282632231712341309E+01    0.396930289268493652E+01    0.232999652624130249E+01    0.906421422958374023E+00
    0.249999999999997316E-02   -0.494065645841246544-322    0.138782992959022522E+02    0.549186712503433228E+01    0.569920241832733154E-01    0.807393908500671387E+00
    0.249999999999997316E-02   -0.494065645841246544-322    0.108752980828285217E+02    0.677120423316955566E+01    0.204904109239578247E+01    0.828092992305755615E+00
    0.249999999999997316E-02   -0.494065645841246544-322    0.105860808491706848E+02    0.299836176633834839E+01    0.244416698813438416E+01    0.188032686710357666E+00
    0.249999999999997316E-02   -0.494065645841246544-322    0.717664182186126709E+01    0.567188346385955811E+01    0.109745562076568604E-01    0.691876173019409180E+00
    0.249999999999997316E-02   -0.494065645841246544-322    0.416420370340347290E+01    0.919229423999786377E+01    0.985898077487945557E-01    0.560181379318237305E+00
    0.249999999999997316E-02   -0.494065645841246544-322    0.148190492391586304E+02    0.671434187889099121E+01    0.227355509996414185E+00    0.103907465934753418E+00
    0.249999999999997316E-02   -0.494065645841246544-322    0.138372024893760681E+02    0.460145103931427002E+01    0.235409528017044067E+01    0.187485992908477783E+00
    0.249999999999997316E-02   -0.494065645841246544-322    0.993002504110336304E+01    0.467006105184555054E+01    0.108435764908790588E+01    0.414641737937927246E+00
    0.249999999999997316E-02   -0.494065645841246544-322    0.307660102844238281E+01    0.516022145748138428E+00    0.146652340888977051E+01    0.541796982288360596E+00
    0.249999999999997316E-02   -0.494065645841246544-322    0.287690877914428711E+01    0.394291579723358154E+00    0.603989064693450928E+00    0.408753693103790283E+00
    0.249999999999997316E-02   -0.494065645841246544-322    0.602324634790420532E+01    0.581472820043563843E+01    0.239397138357162476E+01    0.637594938278198242E+00
    0.249999999999997316E-02   -0.494065645841246544-322    0.112946346402168274E+02    0.104297059774398804E+02    0.199599310755729675E+01    0.843944847583770752E+00
    0.249999999999997316E-02   -0.494065645841246544-322    0.915293455123901367E+01    0.183112215995788574E+01    0.197608768939971924E-01    0.686964094638824463E+00
    0.249999999999997316E-02   -0.494065645841246544-322    0.965090274810791016E+01    0.197939169406890869E+01    0.212024405598640442E+01    0.721903443336486816E-01
    0.249999999999997316E-02   -0.494065645841246544-322    0.116168010234832764E+02    0.887207698822021484E+01    0.416294187307357788E+00    0.805240869522094727E-01
    0.249999999999997316E-02   -0.494065645841246544-322    0.560429513454437256E+01    0.903511071205139160E+01    0.124979749321937561E+01    0.234412312507629395E+00
    0.249999999999997316E-02   -0.494065645841246544-322    0.663016140460968018E+01    0.876300841569900513E+01    0.169457346200942993E+01    0.988607347011566162E+00
    0.249999999999997316E-02   -0.494065645841246544-322    0.129782786965370178E+02    0.111859898567199707E+02    0.191736638545989990E+01    0.741415083408355713E+00
    0.249999999999997316E-02   -0.494065645841246544-322    0.320219188928604126E+01    0.921258473396301270E+01    0.183238059282302856E+01    0.121270835399627686E+00
    0.249999999999997316E-02   -0.494065645841246544-322    0.105219188332557678E+02    0.917497688531875610E+01    0.213535338640213013E+01    0.313542842864990234E+00
    0.249999999999997316E-02   -0.494065645841246544-322    0.879641175270080566E+01    0.119040490984916687E+02    0.220557183027267456E+01    0.259884774684906006E+00
    0.249999999999997316E-02   -0.494065645841246544-322    0.213015228509902954E+01    0.103139054179191589E+02    0.155008673667907715E+01    0.247063279151916504E+00
    0.249999999999997316E-02   -0.494065645841246544-322    0.558691531419754028E+01    0.100548331737518311E+02    0.473421663045883179E+00    0.604665577411651611E+00
    0.249999999999997316E-02   -0.494065645841246544-322    0.331548750400543213E+01    0.118946849107742310E+02    0.416824221611022949E+00    0.444719910621643066E+00
    0.249999999999997316E-02   -0.494065645841246544-322    0.211324006319046021E+01    0.530810588598251343E+01    0.324284583330154419E+00    0.182540416717529297E+00
    0.249999999999997316E-02   -0.494065645841246544-322    0.168889492750167847E+01    0.792792820930480957E+01    0.216668426990509033E+01    0.715175569057464600E+00
    0.249999999999997316E-02   -0.494065645841246544-322    0.308125019073486328E+01    0.874006867408752441E+00    0.138296991586685181E+01    0.732152938842773438E+00
    0.249999999999997316E-02   -0.494065645841246544-322    0.156499743461608887E+00    0.229952371120452881E+01    0.146667271852493286E+01    0.462619721889495850E+00
    0.249999999999997316E-02   -0.494065645841246544-322    0.220406234264373779E+01    0.119083061814308167E+02    0.118118494749069214E+01    0.294510781764984131E+00
    0.249999999999997316E-02   -0.494065645841246544-322    0.134075018763542175E+02    0.116440532207489014E+02    0.572784245014190674E+00    0.433143794536590576E+00
    0.249999999999997316E-02   -0.494065645841246544-322    0.412970870733261108E+01    0.552138310670852661E+01    0.227861285209655762E+01    0.539438426494598389E+00
    0.249999999999997316E-02   -0.494065645841246544-322    0.123933398723602295E+02    0.182785844802856445E+01    0.150032028555870056E+01    0.879115045070648193E+00
    0.249999999999997316E-02   -0.494065645841246544-322    0.573848783969879150E+00    0.765429711341857910E+01    0.153044819831848145E+01    0.893930077552795410E+00
    0.249999999999997316E-02   -0.494065645841246544-322    0.378786027431488037E+01    0.557312363386154175E+01    0.565558224916458130E+00    0.636889159679412842E+00
    0.249999999999997316E-02   -0.494065645841246544-322    0.617667406797409058E+01    0.481736201047897339E+01    0.268049538135528564E-01    0.491300165653228760E+00
    0.249999999999997316E-02   -0.494065645841246544-322    0.672862261533737183E+01    0.964480727910995483E+01    0.202494561672210693E+00    0.123560428619384766E+00
    0.249999999999997316E-02   -0.494065645841246544-322    0.112408626079559326E+02    0.373823797702789307E+01    0.126341015100479126E+01    0.272195339202880859E+00
    0.249999999999997316E-02   -0.494065645841246544-322    0.878177046775817871E+01    0.518428784608840942E+01    0.905072242021560669E+00    0.180681586265563965E+00
    0.249999999999997316E-02   -0.494065645841246544-322    0.985465943813323975E+01    0.126529454588890076E+02    0.470356941223144531E+00    0.641703069210052490E+00
    0.249999999999997316E-02   -0.494065645841246544-322    0.575923651456832886E+01    0.110044206976890564E+02    0.774334520101547241E+00    0.111353933811187744E+00
    0.249999999999997316E-02   -0.494065645841246544-322    0.346401035785675049E+00    0.686118412017822266E+01    0.166386991739273071E+01    0.102145671844482422E+00
    0.249999999999997316E-02   -0.494065645841246544-322    0.881109148263931274E+01    0.730153417587280273E+01    0.209238573908805847E+01    0.402151525020599365E+00
    0.249999999999997316E-02   -0.494065645841246544-322    0.633281439542770386E+01    0.748274534940719604E+01    0.142055481672286987E+01    0.408591210842132568E+00
    0.249999999999997316E-02   -0.494065645841246544-322    0.115884706377983093E+02    0.110722783207893372E+02    0.472989678382873535E-01    0.284437179565429688E+00
    0.249999999999997316E-02   -0.494065645841246544-322    0.236263722181320190E+01    0.339035820960998535E+01    0.127033099532127380E+01    0.713091194629669189E+00
    0.249999999999997316E-02   -0.494065645841246544-322    0.117022329568862915E+02    0.104682692289352417E+02    0.248779356479644775E+00    0.419164657592773438E+00
    0.249999999999997316E-02   -0.494065645841246544-322    0.102566072344779968E+02    0.102584161162376404E+02    0.825009196996688843E+00    0.987317442893981934E+00
    0.249999999999997316E-02   -0.494065645841246544-322    0.607931256294250488E+01    0.956333690881729126E+01    0.105818301439285278E+01    0.668020129203796387E+00
    0.249999999999997316E-02   -0.494065645841246544-322    0.900935500860214233E+01    0.109366382360458374E+02    0.150640308856964111E+00    0.100122809410095215E+00
    0.249999999999997316E-02   -0.494065645841246544-322    0.258877158164978027E+01    0.956932425498962402E+00    0.132101327180862427E+00    0.490609049797058105E+00
    0.249999999999997316E-02   -0.494065645841246544-322    0.345220148563385010E+01    0.203560781478881836E+01    0.803061425685882568E+00    0.270788550376892090E+00
    0.249999999999997316E-02   -0.494065645841246544-322    0.984257161617279053E+00    0.567004239559173584E+01    0.244923621416091919E+01    0.678504347801208496E+00
    0.249999999999997316E-02   -0.494065645841246544-322    0.111775597929954529E+02    0.164443969726562500E+00    0.336703062057495117E+00    0.900029122829437256E+00
    0.249999999999997316E-02   -0.494065645841246544-322    0.146001085638999939E+02    0.125039002895355225E+02    0.987080633640289307E+00    0.890222191810607910E+00
    0.249999999999997316E-02   -0.494065645841246544-322    0.346248954534530640E+01    0.344014686346054077E+01    0.191233128309249878E+01    0.166994392871856689E+00
    0.249999999999997316E-02   -0.494065645841246544-322    0.890860497951507568E+01    0.119464076161384583E+02    0.898038893938064575E+00    0.587340712547302246E+00
    0.249999999999997316E-02   -0.494065645841246544-322    0.116720438003540039E+01    0.988760590553283691E+01    0.131674319505691528E+01    0.787341475486755371E+00
    0.249999999999997316E-02   -0.494065645841246544-322    0.728188008069992065E+01    0.296170854568481445E+01    0.239802345633506775E+01    0.233733594417572021E+00
    0.249999999999997316E-02   -0.494065645841246544-322    0.994296312332153320E+01    0.200783294439315796E+01    0.160757929086685181E+01    0.574780941009521484E+00
    0.249999999999997316E-02   -0.494065645841246544-322    0.843042880296707153E+01    0.234919846057891846E+01    0.139933571219444275E+01    0.811519563198089600E+00
    0.249999999999997316E-02   -0.494065645841246544-322    0.917258083820343018E+01    0.814973586797714233E+01    0.884557217359542847E+00    0.905831754207611084E+00
    0.249999999999997316E-02   -0.494065645841246544-322    0.545322328805923462E+01    0.776441097259521484E+00    0.852003097534179688E+00    0.327278435230255127E+00
    0.249999999999997316E-02   -0.494065645841246544-322    0.160161137580871582E+01    0.908300638198852539E+01    0.109364464879035950E+01    0.608224391937255859E+00
    0.249999999999997316E-02   -0.494065645841246544-322    0.173934102058410645E+01    0.115377935171127319E+02    0.120313301682472229E+01    0.960465073585510254E+00
    0.249999999999997316E-02   -0.494065645841246544-322    0.148528996109962463E+02    0.112800083160400391E+02    0.364612340927124023E+00    0.973730206489562988E+00
    0.249999999999997316E-02   -0.494065645841246544-322    0.908875733613967896E+01    0.110408127903938293E+02    0.134352967143058777E+01    0.537557125091552734E+00
    0.249999999999997316E-02   -0.494065645841246544-322    0.426694840192794800E+01    0.431082570552825928E+01    0.112414687871932983E+01    0.409935116767883301E+00
    0.249999999999997316E-02   -0.494065645841246544-322    0.116218239068984985E+02    0.790071821212768555E+01    0.131112620234489441E+01    0.768863081932067871E+00
    0.249999999999997316E-02   -0.494065645841246544-322    0.358242452144622803E+01    0.998592019081115723E+01    0.780677646398544312E+00    0.288919627666473389E+00
    0.249999999999997316E-02   -0.494065645841246544-322    0.597154229879379272E+01    0.602780240774154663E+01    0.622087419033050537E+00    0.718253314495086670E+00
    0.249999999999997316E-02   -0.494065645841246544-322    0.761493712663650513E+01    0.583711546659469604E+01    0.104664683341979980E+01    0.677021324634552002E+00
    0.249999999999997316E-02   -0.494065645841246544-322    0.929702728986740112E+01    0.128215527534484863E+02    0.323414802551269531E-02    0.551428198814392090E+00
    0.249999999999997316E-02   -0.494065645841246544-322    0.115979450941085815E+02    0.171996378898620605E+01    0.237923637032508850E+01    0.348752260208129883E+00
    0.249999999999997316E-02   -0.494065645841246544-322    0.254498720169067383E+00    0.118751754760742188E+02    0.683930516242980957E-01    0.774702429771423340E+00
    0.249999999999997316E-02   -0.494065645841246544-322    0.100283789634704590E+02    0.152650284767150879E+01    0.113239064812660217E+01    0.955771923065185547E+00
    0.249999999999997316E-02   -0.494065645841246544-322    0.601939201354980469E+01    0.373751735687255859E+01    0.703288614749908447E+00    0.364382803440093994E+00
    0.249999999999997316E-02   -0.494065645841246544-322    0.412520259618759155E+01    0.426331746578216553E+01    0.130585104227066040E+01    0.556481659412384033E+00
    0.249999999999997316E-02   -0.494065645841246544-322    0.120212110877037048E+02    0.288308268785476685E+01    0.150233075022697449E+01    0.705001473426818848E+00
    0.249999999999997316E-02   -0.494065645841246544-322    0.280809223651885986E+01    0.253032904863357544E+01    0.185830354690551758E+01    0.730210840702056885E+00
    0.249999999999997316E-02   -0.494065645841246544-322    0.495214551687240601E+01    0.351661163568496704E+01    0.171329364180564880E+01    0.566791474819183350E+00
    0.249999999999997316E-02   -0.494065645841246544-322    0.105152276158332825E+02    0.553738939762115479E+01    0.514622926712036133E+00    0.608804821968078613E+00
    0.249999999999997316E-02   -0.494065645841246544-322    0.139293685555458069E+02    0.539188688993453979E+01    0.179212644696235657E+01    0.790586948394775391E+00
    0.249999999999997316E-02   -0.494065645841246544-322    0.116099908947944641E+02    0.995158767700195312E+01    0.661149471998214722E+00    0.873742938041687012E+00
    0.249999999999997316E-02   -0.494065645841246544-322    0.113836437463760376E+02    0.983930498361587524E+01    0.236393287777900696E+01    0.787019014358520508E+00
    0.249999999999997316E-02   -0.494065645841246544-322    0.617955029010772705E+01    0.984826159477233887E+01    0.440637171268463135E+00    0.165015518665313721E+00
    0.249999999999997316E-02   -0.494065645841246544-322    0.208674073219299316E+01    0.105057337284088135E+02    0.135045737028121948E+01    0.898334324359893799E+00
    0.249999999999997316E-02   -0.494065645841246544-322    0.355463415384292603E+01    0.128764957785606384E+02    0.780427455902099609E-01    0.677534520626068115E+00
    0.249999999999997316E-02   -0.494065645841246544-322    0.476467609405517578E+01    0.886180698871612549E+01    0.242277964949607849E+01    0.604266524314880371E+00
    0.249999999999997316E-02   -0.494065645841246544-322    0.987356722354888916E+01    0.129678308963775635E+00    0.154692530632019043E+01    0.573259234428405762E+00
    0.249999999999997316E-02   -0.494065645841246544-322    0.681632906198501587E+01    0.289929121732711792E+01    0.109123915433883667E+01    0.278757452964782715E+00
    0.249999999999997316E-02   -0.494065645841246544-322    0.992099136114120483E+01    0.114546447992324829E+02    0.982477068901062012E+00    0.468327999114990234E+00
    0.249999999999997316E-02   -0.494065645841246544-322    0.413331180810928345E+01    0.274915814399719238E+01    0.125676557421684265E+01    0.686938703060150146E+00
    0.249999999999997316E-02   -0.494065645841246544-322    0.819208055734634399E+01    0.110160180330276489E+02    0.121837526559829712E+01    0.690102577209472656E-01
    0.249999999999997316E-02   -0.494065645841246544-322    0.769697427749633789E+01    0.135781341791152954E+01    0.239309400320053101E+01    0.466578781604766846E+00
    0.249999999999997316E-02   -0.494065645841246544-322    0.511185228824615479E+00    0.122340396642684937E+02    0.146283850073814392E+01    0.970301091670989990E+00
    0.249999999999997316E-02   -0.494065645841246544-322    0.578690171241760254E+00    0.103672731518745422E+02    0.640386790037155151E+00    0.439974129199981689E+00
    0.249999999999997316E-02   -0.494065645841246544-322    0.121678036451339722E+02    0.565782362222671509E+01    0.224705308675765991E+01    0.565649271011352539E+00
    0.249999999999997316E-02   -0.494065645841246544-322    0.696676433086395264E+01    0.920056354999542236E+01    0.729692280292510986E+00    0.648518919944763184E+00
    0.249999999999997316E-02   -0.494065645841246544-322    0.147534012794494629E+00    0.127046774625778198E+02    0.165663480758666992E+01    0.942555487155914307E+00
    0.249999999999997316E-02   -0.494065645841246544-322    0.123940113186836243E+02    0.119703360795974731E+02    0.818293243646621704E+00    0.486131966114044189E+00
    0.249999999999997316E-02   -0.494065645841246544-322    0.126179990172386169E+02    0.453523069620132446E+01    0.139195919036865234E+01    0.567445755004882812E+00
    0.249999999999997316E-02   -0.494065645841246544-322    0.714239895343780518E+01    0.953165751695632935E+01    0.462082028388977051E-01    0.108301639556884766E-02
    0.249999999999997316E-02   -0.494065645841246544-322    0.780658721923828125E+00    0.549876338243484497E+01    0.244912073016166687E+01    0.340506672859191895E+00
    0.249999999999997316E-02   -0.494065645841246544-322    0.597695499658584595E+01    0.502255898714065552E+01    0.601157546043395996E-01    0.436416089534759521E+00
    0.249999999999997316E-02   -0.494065645841246544-322    0.885455936193466187E+01    0.105241234898567200E+02    0.916722416877746582E+00    0.139213979244232178E+00
    0.249999999999997316E-02   -0.494065645841246544-322    0.497362554073333740E+01    0.271473807096481323E+01    0.226977631449699402E+01    0.820924043655395508E-01
    0.249999999999997316E-02   -0.494065645841246544-322    0.383129775524139404E+01    0.433873540163040161E+01    0.203510507941246033E+01    0.838572978973388672E-01
    0.249999999999997316E-02   -0.494065645841246544-322    0.130420795083045959E+02    0.425308156013488770E+01    0.171706348657608032E+01    0.925240159034729004E+00
    0.249999999999997316E-02   -0.494065645841246544-322    0.961563885211944580E+00    0.102728672623634338E+02    0.210945606231689453E+00    0.751387834548950195E+00
    0.249999999999997316E-02   -0.494065645841246544-322    0.278579503297805786E+01    0.919540840387344360E+01    0.143886297941207886E+01    0.478549003601074219E+00
    0.249999999999997316E-02   -0.494065645841246544-322    0.465501129627227783E+01    0.705215930938720703E+00    0.223266750574111938E+01    0.833350837230682373E+00
    0.249999999999997316E-02   -0.494065645841246544-322    0.862564712762832642E+01    0.797458720207214355E+01    0.111452057957649231E+01    0.551780283451080322E+00
    0.249999999999997316E-02   -0.494065645841246544-322    0.346197366714477539E+01    0.763249409198760986E+01    0.439603626728057861E+00    0.683728754520416260E+00
    0.249999999999997316E-02   -0.494065645841246544-322    0.482888638973236084E+01    0.607049101591110229E+01    0.203635811805725098E+01    0.785165429115295410E+00
    0.249999999999997316E-02   -0.494065645841246544-322    0.136421737074851990E+02    0.747533613443374634E+01    0.431642979383468628E+00    0.660461425781250000E+00
    0.249999999999997316E-02   -0.494065645841246544-322    0.138332489132881165E+02    0.520079469680786133E+01    0.836315006017684937E+00    0.722326159477233887E+00
    0.249999999999997316E-02   -0.494065645841246544-322    0.186565965414047241E+01    0.391229951381683350E+01    0.830776393413543701E+00    0.134349882602691650E+00
    0.249999999999997316E-02   -0.494065645841246544-322    0.757850289344787598E+01    0.126263321042060852E+02    0.124296382069587708E+01    0.938003122806549072E+00
    0.249999999999997316E-02   -0.494065645841246544-322    0.860363245010375977E-02    0.250278586149215698E+01    0.202960684895515442E+01    0.733119845390319824E-01
    0.249999999999997316E-02   -0.494065645841246544-322    0.146164011955261230E+02    0.984419977664947510E+01    0.233498901128768921E+01    0.165225863456726074E-01
    0.249999999999997316E-02   -0.494065645841246544-322    0.825904548168182373E+01    0.908740216493606567E+01    0.105744451284408569E+01    0.754088401794433594E+00
    0.249999999999997316E-02   -0.494065645841246544-322    0.553893595933914185E+01    0.111930209398269653E+01    0.160145804286003113E+01    0.333374977111816406E+00
    0.249999999999997316E-02   -0.494065645841246544-322    0.263442367315292358E+01    0.112952451705932617E+02    0.156749486923217773E+01    0.170970737934112549E+00
    0.249999999999997316E-02   -0.494065645841246544-322    0.628951728343963623E+01    0.646738535165786743E+01    0.142601847648620605E+01    0.498697996139526367E+00
    0.249999999999997316E-02   -0.494065645841246544-322    0.108891838788986206E+02    0.175754606723785400E+01    0.230630978941917419E+01    0.555312693119049072E+00
    0.249999999999997316E-02   -0.494065645841246544-322    0.330252528190612793E+01    0.278501790761947632E+01    0.115371733903884888E+01    0.677069664001464844E+00
    0.249999999999997316E-02   -0.494065645841246544-322    0.101262760162353516E+02    0.155621176958084106E+01    0.188732832670211792E+01    0.148510158061981201E+00
    0.249999999999997316E-02   -0.494065645841246544-322    0.105619910359382629E+02    0.412370234727859497E+01    0.244627237319946289E+01    0.895687997341156006E+00
    0.249999999999997316E-02   -0.494065645841246544-322    0.102264636754989624E+02    0.985145944356918335E+01    0.712134391069412231E+00    0.574281156063079834E+00
    0.249999999999997316E-02   -0.494065645841246544-322    0.707892984151840210E+01    0.656953674554824829E+01    0.304988175630569458E+00    0.722829997539520264E+00
    0.249999999999997316E-02   -0.494065645841246544-322    0.990679800510406494E+01    0.582089066505432129E+01    0.722714960575103760E+00    0.467479646205902100E+00
    0.249999999999997316E-02   -0.494065645841246544-322    0.974332541227340698E+01    0.835994076728820801E+01    0.119700938463211060E+01    0.221785902976989746E+00
    0.249999999999997316E-02   -0.494065645841246544-322    0.148221498727798462E+02    0.462790787220001221E+01    0.322730541229248047E+00    0.921549201011657715E-01
    0.249999999999997316E-02   -0.494065645841246544-322    0.873913764953613281E+01    0.105081373453140259E+02    0.198026835918426514E+01    0.869291543960571289E+00
    0.249999999999997316E-02   -0.494065645841246544-322    0.194188356399536133E+00    0.393833249807357788E+01    0.146178752183914185E+00    0.718301653861999512E+00
    0.249999999999997316E-02   -0.494065645841246544-322    0.108185961842536926E+02    0.472605556249618530E+01    0.612718313932418823E+00    0.872398138046264648E+00
    0.249999999999997316E-02   -0.494065645841246544-322    0.776136070489883423E+01    0.112657896280288696E+02    0.150777116417884827E+01    0.121019065380096436E+00
    0.249999999999997316E-02   -0.494065645841246544-322    0.119356808066368103E+02    0.129024303555488586E+02    0.140085667371749878E+01    0.747511863708496094E+00
    0.249999999999997316E-02   -0.494065645841246544-322    0.860298871994018555E+01    0.281391865015029907E+01    0.137732177972793579E+01    0.763467788696289062E+00
    0.249999999999997316E-02   -0.494065645841246544-322    0.793667703866958618E+01    0.845318436622619629E+00    0.139623880386352539E-01    0.560551524162292480E+00
    0.249999999999997316E-02   -0.494065645841246544-322    0.992403924465179443E+01    0.979588490724563599E+01    0.462047755718231201E-01    0.732980310916900635E+00
    0.249999999999997316E-02   -0.494065645841246544-322    0.422850251197814941E+00    0.474308699369430542E+01    0.153498649597167969E+00    0.597730278968811035E-01
    0.249999999999997316E-02   -0.494065645841246544-322    0.131945899128913879E+02    0.331225538253784180E+01    0.153241857886314392E+01    0.932998418807983398E+00
    0.249999999999997316E-02   -0.494065645841246544-322    0.148630616068840027E+02    0.448864686489105225E+01    0.235507547855377197E+01    0.693468153476715088E+00
    0.249999999999997316E-02   -0.494065645841246544-322    0.907376378774642944E+01    0.123526676893234253E+02    0.514228492975234985E+00    0.649361908435821533E+00
    0.249999999999997316E-02   -0.494065645841246544-322    0.137819302082061768E+02    0.410162037611007690E+01    0.729493796825408936E+00    0.734665811061859131E+00
    0.249999999999997316E-02   -0.494065645841246544-322    0.104478219151496887E+02    0.219683456420898438E+01    0.168883606791496277E+01    0.555427193641662598E+00
    0.249999999999997316E-02   -0.494065645841246544-322    0.514640986919403076E+01    0.366617983579635620E+01    0.701310187578201294E+00    0.869113266468048096E+00
    0.249999999999997316E-02   -0.494065645841246544-322    0.104800531268119812E+02    0.365429967641830444E+01    0.136640816926956177E+00    0.332651734352111816E-01
    0.249999999999997316E-02   -0.494065645841246544-322    0.611683219671249390E+01    0.303768205642700195E+01    0.868255198001861572E+00    0.354243338108062744E+00
    0.249999999999997316E-02   -0.494065645841246544-322    0.415289103984832764E+00    0.860688334703445435E+01    0.469438433647155762E+00    0.921052455902099609E+00
    0.249999999999997316E-02   -0.494065645841246544-322    0.676250338554382324E+01    0.526261925697326660E+01    0.299288332462310791E+00    0.640500009059906006E+00
    0.249999999999997316E-02   -0.494065645841246544-322    0.393711268901824951E+01    0.771334534883499146E+01    0.195080012083053589E+01    0.508116483688354492E+00
    0.249999999999997316E-02   -0.494065645841246544-322    0.121515941619873047E+02    0.116291991472244263E+02    0.246873274445533752E+01    0.840843915939331055E-01
    0.249999999999997316E-02   -0.494065645841246544-322    0.104742586612701416E+02    0.169369912147521973E+01    0.225339904427528381E+01    0.692370712757110596E+00
    0.249999999999997316E-02   -0.494065645841246544-322    0.670657306909561157E+01    0.387070500850677490E+01    0.202144369482994080E+01    0.102031528949737549E+00
    0.249999999999997316E-02   -0.494065645841246544-322    0.106898689270019531E+02    0.137398707866668701E+01    0.868361443281173706E+00    0.803120434284210205E+00
    0.249999999999997316E-02   -0.494065645841246544-322    0.365711063146591187E+01    0.106076263189315796E+02    0.168008595705032349E+01    0.998422503471374512E+00
    0.249999999999997316E-02   -0.494065645841246544-322    0.787347793579101562E+01    0.586746597290039062E+01    0.140799343585968018E+01    0.249246239662170410E+00
    0.249999999999997316E-02   -0.494065645841246544-322    0.948048323392868042E+01    0.729849439859390259E+01    0.176493808627128601E+01    0.328854620456695557E+00
    0.249999999999997316E-02   -0.494065645841246544-322    0.133742076158523560E+02    0.482168263196945190E+01    0.211361750960350037E+01    0.851203560829162598E+00
    0.249999999999997316E-02   -0.494065645841246544-322    0.146326482295989990E+01    0.120443344712257385E+02    0.123763948678970337E+01    0.426197409629821777E+00
    0.249999999999997316E-02   -0.494065645841246544-322    0.145951312780380249E+02    0.833381712436676025E+01    0.770545452833175659E+00    0.327849626541137695E+00
    0.249999999999997316E-02   -0.494065645841246544-322    0.308416038751602173E+01    0.874579954147338867E+01    0.203564479947090149E+01    0.700220704078674316E+00
    0.249999999999997316E-02   -0.494065645841246544-322    0.626949459314346313E+01    0.474011772871017456E+01    0.129937738180160522E+01    0.999283432960510254E+00
    0.249999999999997316E-02   -0.494065645841246544-322    0.107135832309722900E+02    0.324933826923370361E+00    0.614317357540130615E+00    0.542443513870239258E+00
    0.249999999999997316E-02   -0.494065645841246544-322    0.100599333643913269E+02    0.546371257305145264E+01    0.813058465719223022E+00    0.277811884880065918E-01
    0.249999999999997316E-02   -0.494065645841246544-322    0.176995128393173218E+01    0.324110847711563110E+01    0.326422005891799927E+00    0.389987826347351074E-01
    0.249999999999997316E-02   -0.494065645841246544-322    0.935686200857162476E+01    0.557328093051910400E+01    0.187737450003623962E+01    0.988120913505554199E+00
    0.249999999999997316E-02   -0.494065645841246544-322    0.132340192794799805E+02    0.470063394308090210E+01    0.963994860649108887E+00    0.249551117420196533E+00
    0.249999999999997316E-02   -0.494065645841246544-322    0.326266050338745117E+01    0.115424984693527222E+01    0.873582661151885986E+00    0.645058333873748779E+00
    0.249999999999997316E-02   -0.494065645841246544-322    0.144232884049415588E+02    0.425998789072036743E+01    0.639253407716751099E+00    0.568940579891204834E+00
    0.249999999999997316E-02   -0.494065645841246544-322    0.109170037508010864E+02    0.384598076343536377E+01    0.969623923301696777E+00    0.462512493133544922E+00
    0.249999999999997316E-02   -0.494065645841246544-322    0.626733452081680298E+01    0.693710416555404663E+01    0.126244962215423584E+01    0.854114949703216553E+00
    0.249999999999997316E-02   -0.494065645841246544-322    0.308593511581420898E+00    0.286388397216796875E+00    0.907554030418395996E+00    0.440024495124816895E+00
    0.249999999999997316E-02   -0.494065645841246544-322    0.139046528935432434E+02    0.106960836052894592E+02    0.254181921482086182E+00    0.391551911830902100E+00
    0.249999999999997316E-02   -0.494065645841246544-322    0.690209269523620605E+01    0.123962163925170898E+02    0.233931243419647217E+01    0.256708145141601562E+00
    0.249999999999997316E-02   -0.494065645841246544-322    0.305349826812744141E+01    0.879351079463958740E+00    0.322509706020355225E+00    0.654165565967559814E+00
    0.249999999999997316E-02   -0.494065645841246544-322    0.514555424451828003E+01    0.579162961244583130E+01    0.115616574883460999E+01    0.429129660129547119E+00
    0.249999999999997316E-02   -0.494065645841246544-322    0.571123391389846802E+01    0.357788294553756714E+01    0.539894700050354004E+00    0.255011916160583496E+00
    0.249999999999997316E-02   -0.494065645841246544-322    0.103718975186347961E+02    0.779297775030136108E+01    0.220170468091964722E+01    0.486563503742218018E+00
    0.249999999999997316E-02   -0.494065645841246544-322    0.485864281654357910E+01    0.345176124572753906E+01    0.445289462804794312E+00    0.519055902957916260E+00
    0.249999999999997316E-02   -0.494065645841246544-322    0.142881274223327637E+02    0.999431347846984863E+01    0.375035703182220459E+00    0.377109467983245850E+00
    0.249999999999997316E-02   -0.494065645841246544-322    0.663583070039749146E+01    0.103279203176498413E+02    0.710700750350952148E+00    0.606168866157531738E+00
    0.249999999999997316E-02   -0.494065645841246544-322    0.593103557825088501E+01    0.449549198150634766E+01    0.196977436542510986E+01    0.736521124839782715E+00
    0.249999999999997316E-02   -0.494065645841246544-322    0.131629192829132080E+02    0.823224842548370361E+01    0.135858505964279175E+00    0.177837014198303223E-01
    0.249999999999997316E-02   -0.494065645841246544-322    0.131999507546424866E+02    0.252420920133590698E+01    0.539960265159606934E+00    0.322416365146636963E+00
    0.249999999999997316E-02   -0.494065645841246544-322    0.124742630124092102E+02    0.278190606832504272E+01    0.607239902019500732E+00    0.899897396564483643E+00
    0.249999999999997316E-02   -0.494065645841246544-322    0.304558575153350830E+01    0.122274099588394165E+02    0.108865305781364441E+01    0.765598773956298828E+00
    0.249999999999997316E-02   -0.494065645841246544-322    0.143224328756332397E+01    0.558123022317886353E+01    0.636760294437408447E+00    0.190735459327697754E-01
    0.249999999999997316E-02   -0.494065645841246544-322    0.646625161170959473E+01    0.756663870811462402E+01    0.242913603782653809E+01    0.951604187488555908E+00
    0.249999999999997316E-02   -0.494065645841246544-322    0.132495009899139404E+02    0.473810309171676636E+01    0.149988785386085510E+01    0.447616279125213623E+00
    0.249999999999997316E-02   -0.494065645841246544-322    0.735586166381835938E+01    0.964837318658828735E+01    0.132335126399993896E+00    0.389300704002380371E+00
    0.249999999999997316E-02   -0.494065645841246544-322    0.201140016317367554E+01    0.446507096290588379E+01    0.130824312567710876E+01    0.582447707653045654E+00
    0.249999999999997316E-02   -0.494065645841246544-322    0.140879049897193909E+02    0.651525312662124634E+01    0.128627777099609375E+01    0.209574639797210693E+00
    0.249999999999997316E-02   -0.494065645841246544-322    0.128250136971473694E+02    0.154085171222686768E+01    0.139631018042564392E+01    0.913863778114318848E+00
    0.249999999999997316E-02   -0.494065645841246544-322    0.395025014877319336E+00    0.439771699905395508E+01    0.156258210539817810E+01    0.678379416465759277E+00
    0.249999999999997316E-02   -0.494065645841246544-322    0.131870681047439575E+02    0.124903588294982910E+02    0.497471243143081665E+00    0.801199495792388916E+00
    0.249999999999997316E-02   -0.494065645841246544-322    0.126329737901687622E+02    0.687434434890747070E+00    0.899009853601455688E+00    0.767223834991455078E+00
    0.249999999999997316E-02   -0.494065645841246544-322    0.480764776468276978E+01    0.431599712371826172E+01    0.507155209779739380E+00    0.702506780624389648E+00
    0.249999999999997316E-02   -0.494065645841246544-322    0.901436805725097656E+01    0.107905274629592896E+01    0.195215284824371338E+01    0.908512592315673828E+00
    0.249999999999997316E-02   -0.494065645841246544-322    0.524043560028076172E+01    0.995959043502807617E-01    0.296492129564285278E+00    0.456360995769500732E+00
    0.249999999999997316E-02   -0.494065645841246544-322    0.567908495664596558E+01    0.217053192853927612E+01    0.409226566553115845E+00    0.623542249202728271E+00
    0.249999999999997316E-02   -0.494065645841246544-322    0.527062743902206421E+01    0.147941845655441284E+01    0.502452999353408813E+00    0.157953560352325439E+00
    0.249999999999997316E-02   -0.494065645841246544-322    0.446851462125778198E+01    0.101544445753097534E+01    0.325982719659805298E+00    0.581101655960083008E+00
    0.249999999999997316E-02   -0.494065645841246544-322    0.884804427623748779E+01    0.887497574090957642E+01    0.249718785285949707E+01    0.129512250423431396E+00
