ID x y
1 3058.2962147121907 2680.699521952241
4 3140.1891064051997 3105.786218459267
5 2965.3611584650494 3229.0302234667215
6 3091.1086459477647 3352.0396576769635
7 3123.51454776259 3347.7797590959326
11 3105.9549548571586 3010.4403092536822
13 3412.7338185203553 2796.908526431092
20 3449.5717564490683 2841.819206207213
27 2528.4969543780253 3066.1626864729774
35 2920.8480460983697 2940.046203584633
36 2987.99223250696 2888.8963905612163
57 2971.3003327410584 2840.8230032759275
62 2887.405783032756 3023.7308134070527
64 2728.9035517986085 3315.5139414562905
68 2751.2172164524263 3208.6265535653542
72 2972.4609652592358 2958.4710905184015
78 3047.7117499985216 2979.6987735254925
80 3070.494610875723 3485.485698658962
81 3107.099986591211 2974.9822559539743
82 3118.880740820704 3060.3536057518263
83 3121.888796694221 3261.5779305861997
88 2617.426702374897 3609.8398682627367
92 3240.37330112866 2777.0062558298437
93 3207.3091448744162 2858.84029431205
120 3337.1102108432465 3157.8585346654363
129 3481.9469933124515 2954.4740070750668
134 2991.7640834728163 3732.441136864622
140 3182.4679341243914 3539.527474271166
141 3125.5726244933917 3647.95179298023
149 3182.1454001913635 3646.8552458610466
162 3492.380155346922 3415.364785550934
164 3496.41984685844 3524.1841377879746
179 3126.2923828303246 3236.1932507526312
181 3110.3670747334727 3329.0133220538273
182 3096.6085918474146 3378.295740862958
